100
Royal 60042670 74949250 87758739 88425637
Cataleya 98614936 94451357 99833416 82608297
Allan 75835075 89711723 83348902 91950255
Arielle 97238433 80196182 87393606 70045391
Alena 79185349 85021986 82088913 98469248
Sienna 98253849 95053155 93031711 50911252
Erika 94818803 73309511 66955559 80169746
Rar 67017057 59850297 92253039 87842069
ProTan 91823781 86939206 74340565 98555223
Bryan 60577418 40288329 85340964 83355415
Lyric 95322085 76688379 97566518 50860093
Guadalupe 86461026 50299519 76030978 64027826
RartheCat 91731891 75800424 93703857 69777795
Zip 79181420 97140006 96997373 95200872
ProfTan 95461288 64873800 90983330 76132589
Tiffany 98497332 75724884 70707544 94577144
Charli 79560764 87618934 98508673 58500246
Winter 74818473 75849337 91247892 98195400
Aubrie 25898833 97426630 82613469 59524522
RartheCat 95896507 98570081 43670302 77997330
Rhett 36070709 80361607 63527823 84457539
Ford 82108524 92474550 92280136 82556164
Zain 93206529 34105460 99923077 99003808
Zip 94898488 80033039 93729102 99416581
Thea 67844263 93245028 89025532 66561106
Jayde 77669938 50941795 80525852 92507990
Nehemiah 98731771 78005408 71837784 79281605
Leslie 79958909 97124563 99627882 93839087
Lizbeth 81951351 98430454 53958828 75765916
Aylin 86959218 42017594 96802979 90803509
Avalyn 63986101 75190330 95185222 70102828
Arabella 69024278 65787872 83544483 90237283
Ryker 95524413 89632590 99694086 94470147
Kadence 85982089 98858071 72569926 94711559
Julio 99798678 84352754 88307872 85242481
Martha 88236255 93481880 77988359 97848462
Elisa 73914032 90352900 82113383 76090829
Carlos 97754168 99801174 59371610 80172653
Alia 90323346 71275065 97707186 82205203
Alessandra 35482861 71575959 91912100 84229485
Proton 63709147 90952005 96905740 89261733
Emmy 94839035 54259836 80542739 82431136
Malachi 86884337 49515125 72557787 71851675
ProTan 55613694 75076825 94575067 82862174
Lillianna 93056776 77423102 68680772 99330601
Mercy 83055876 96098752 90580831 93462625
Tegan 89286507 77471287 84626867 69172687
RartheCat 95717572 92859989 85033956 74146586
Rylie 99356823 88969176 83108877 48487043
Kellen 62260150 85415531 74737354 91338988
Marvin 90193676 48964183 73110163 45366601
Kaya 78020716 78404717 79022040 94241645
Evangeline 60236754 82793905 86870067 83227838
RartheCat 87049715 82240157 98746695 95360338
MrPanda 90876402 93525018 90801903 93785335
Nadia 88089117 68565915 27122894 94167569
Dalary 75065039 90154352 97235880 75165776
MrPanda 96589829 92546757 87574709 53824695
Jennifer 57734318 95913332 71677666 85260681
ProTan 59194797 39237196 53323854 88226194
Augustus 82572761 73081220 85960254 85768372
Emmanuel 81546248 40547064 95502030 86154418
Zip 64487520 99025322 67783044 95634865
MrPanda 84137655 93793594 64507230 64918242
Panda 81091634 98007063 87195798 49044448
Madalyn 84985296 56400319 88543112 75318681
Fernanda 52504272 99939379 87896560 48079747
August 73827620 88689679 91179865 79340251
Zip 90813703 91250160 98807065 62699721
Jessa 34128329 97046612 94191472 89367499
Wyatt 68636400 97251709 78100130 85402446
Isla 65797720 67624292 78663271 88193974
SJShark 73518596 96679301 96116790 89299967
SJShark 17940657 69627319 46977016 72371939
Elisa 58400773 58404485 84574345 80691492
Paloma 88698889 66013405 91664713 50396477
Joyce 93654500 36171108 94289537 78604497
Walker 53008034 87318981 86873387 89603945
Alison 68411211 69935812 91890550 86976705
Camille 71287155 56211826 97962022 79676400
ProTan 97892299 93516108 32981957 86646959
SJShark 96890740 79029650 65491219 90724697
Elliott 85276907 50304906 70177667 81944978
Nina 78737658 93911043 76822632 84503634
Shaun 89803957 71852818 89741528 97576542
Khaleesi 76996761 83746381 88990558 82162035
Shark 74164158 67853080 86098168 53360614
ProfTan 92530899 92560659 50718794 97029028
Angela 73187897 29143208 52823529 84355933
Barrett 99483370 76537916 82348331 61462794
MrPanda 98896025 81067474 87373026 79421814
Reyna 99017489 92349443 89562043 95204373
MrPanda 87647117 94881894 61886711 64131832
Mark 93843476 91918802 95737518 80058305
Ariyah 78194663 74637619 70833373 84811964
RartheCat 91490889 79431392 84204640 79258161
Shark 89436518 23074526 92243985 99505030
Maison 62942068 59101633 79355400 25994994
Wynter 56137313 95425737 89249687 92263490
Alena 75873119 94430163 90654562 94002482
