93 8103 0 92
0 1 0
0 2 6273
0 3 7304
0 4 6421
0 5 7942
0 6 9773
0 7 9386
0 8 9350
0 9 6254
0 10 8709
0 11 6428
0 12 8949
0 13 8830
0 14 8238
0 15 7018
0 16 6580
0 17 7247
0 18 6546
0 19 9968
0 20 8307
0 21 8995
0 22 8195
0 23 8231
0 24 8648
0 25 6974
0 26 8263
0 27 9329
0 28 7848
0 29 9763
0 30 8010
0 31 8192
0 32 7085
0 33 9410
0 34 8870
0 35 9028
0 36 8715
0 37 7996
0 38 6743
0 39 6720
0 40 6654
0 41 6320
0 42 9546
0 45 7353
0 46 7493
0 47 7875
0 48 8753
0 49 9533
0 50 7257
0 51 8236
0 52 6581
0 53 8235
0 54 6225
0 55 7616
0 56 6458
0 57 7573
0 58 8872
0 59 9192
0 60 7975
0 61 9791
0 62 8310
0 63 9223
0 64 9208
0 65 6622
0 67 9929
0 68 9243
0 69 9971
0 71 8012
0 72 6840
0 74 7376
0 75 7432
0 76 6711
0 77 6414
0 78 7142
0 79 7397
0 80 7477
0 81 8298
0 82 8992
0 83 9925
0 84 7485
0 85 6225
0 86 9588
0 87 9837
0 88 9895
0 89 8367
0 90 6377
0 92 7713
1 0 1
1 2 0
1 3 8207
1 4 8295
1 5 8112
1 6 9391
1 7 9591
1 8 7468
1 9 6978
1 10 8327
1 11 8566
1 12 6299
1 13 6707
1 14 9835
1 15 8535
1 16 8062
1 17 6492
1 18 6565
1 19 8007
1 20 7542
1 21 8522
1 23 6197
1 24 6020
1 25 6944
1 26 9210
1 27 8523
1 28 9065
1 29 8725
1 30 6282
1 31 7463
1 32 6350
1 33 6043
1 34 7420
1 36 6341
1 37 7675
1 38 9095
1 39 9317
1 40 8902
1 41 7682
1 42 7902
1 43 6925
1 44 6246
1 45 8350
1 46 9771
1 47 6209
1 48 6980
1 50 8441
1 51 9137
1 52 8565
1 53 9219
1 54 9008
1 55 7733
1 56 9876
1 57 8644
1 59 6881
1 60 6867
1 61 6185
1 62 6073
1 63 7772
1 64 8387
1 65 6083
1 66 6409
1 67 9583
1 68 7469
1 69 8651
1 70 9780
1 71 7548
1 72 8814
1 73 6301
1 74 6536
1 75 6213
1 76 6266
1 77 7641
1 78 8453
1 79 7999
1 80 6912
1 81 8652
1 82 8786
1 83 7591
1 84 7240
1 87 7613
1 88 6651
1 89 9063
1 90 8176
1 91 6108
1 92 7010
2 0 8080
2 1 1
2 3 0
2 4 7284
2 5 9541
2 6 7010
2 7 9864
2 8 6703
2 9 7461
2 10 6234
2 12 8891
2 13 7319
2 14 8039
2 15 8551
2 16 8425
2 17 7440
2 18 6982
2 19 8847
2 20 9825
2 21 6030
2 22 7453
2 23 8737
2 24 6043
2 25 7714
2 26 8103
2 27 9374
2 28 7813
2 29 7126
2 30 6064
2 31 6319
2 32 7617
2 33 9365
2 34 7836
2 35 8572
2 36 8085
2 37 6653
2 38 6252
2 39 8047
2 40 7668
2 41 6038
2 42 6356
2 43 7840
2 44 9075
2 45 6245
2 46 6019
2 48 9169
2 49 7481
2 50 6118
2 51 8241
2 52 7852
2 53 8088
2 54 6464
2 55 8746
2 56 9903
2 57 8944
2 58 8734
2 59 8034
2 60 7456
2 61 9076
2 62 9808
2 63 8528
2 64 9943
2 65 9364
2 66 6593
2 67 7981
2 68 7917
2 69 8479
2 70 8807
2 72 9329
2 73 8395
2 74 9819
2 75 7031
2 76 7862
2 77 8280
2 78 9345
2 79 9361
2 80 7884
2 81 7340
2 82 7883
2 83 8369
2 84 6118
2 85 6441
2 86 6815
2 87 7525
2 88 7683
2 89 9772
2 90 8464
2 91 7545
2 92 6307
3 0 8480
3 1 9120
3 2 1
3 4 0
3 5 6530
3 6 8968
3 7 8855
3 8 8771
3 9 7451
3 10 7322
3 11 7827
3 12 7488
3 13 9875
3 14 8456
3 15 7237
3 16 9678
3 17 9146
3 18 9751
3 19 8777
3 20 7916
3 21 9901
3 22 9975
3 23 6951
3 24 7163
3 25 9445
3 27 7783
3 28 8598
3 29 7078
3 30 6969
3 31 7093
3 32 9980
3 33 8981
3 34 9676
3 35 8624
3 36 9486
3 39 7068
3 40 9364
3 41 6758
3 42 8502
3 44 6971
3 45 7778
3 46 7091
3 47 9709
3 48 7889
3 49 6689
3 50 6674
3 51 9984
3 52 6107
3 53 7633
3 54 6175
3 55 8824
3 56 8045
3 57 9628
3 59 9087
3 60 8627
3 61 8848
3 62 7673
3 63 8226
3 65 8712
3 66 9138
3 67 9483
3 68 8861
3 69 6889
3 70 9732
3 71 7599
3 72 9314
3 73 8640
3 74 6611
3 76 9416
3 77 8228
3 78 6034
3 79 6340
3 80 8666
3 81 7846
3 82 7561
3 83 9554
3 84 8889
3 85 6213
3 86 6334
3 87 7808
3 88 9293
3 89 9521
3 90 8463
3 91 6240
3 92 6319
4 0 7552
4 1 8469
4 2 9766
4 3 0
4 5 0
4 6 6884
4 7 6439
4 8 6651
4 9 8448
4 10 9649
4 11 6992
4 12 9439
4 13 9495
4 14 8563
4 15 6395
4 16 9855
4 17 7593
4 18 7812
4 19 6064
4 20 9953
4 22 7904
4 23 6637
4 24 6756
4 25 8017
4 26 6521
4 27 7627
4 28 8960
4 29 9260
4 30 7381
4 31 6044
4 32 9202
4 33 9219
4 34 6340
4 36 6433
4 37 6863
4 38 7170
4 39 8870
4 40 9273
4 41 6225
4 42 9683
4 44 8066
4 45 8948
4 47 6164
4 48 9296
4 49 6939
4 50 8124
4 51 6386
4 52 8551
4 53 6685
4 55 6633
4 56 6433
4 57 8398
4 58 6337
4 59 8391
4 60 9112
4 61 9013
4 62 8450
4 63 9825
4 64 8485
4 65 7293
4 66 6184
4 67 8744
4 68 6131
4 69 6797
4 70 8519
4 71 9389
4 72 8651
4 73 9742
4 74 8082
4 75 8427
4 76 8040
4 77 8608
4 78 6265
4 79 8899
4 80 9802
4 81 6013
4 82 6598
4 83 8790
4 84 7197
4 85 8248
4 86 7914
4 87 7581
4 88 6423
4 89 6927
4 90 6303
4 91 8161
4 92 8509
5 0 8085
5 1 8476
5 2 8113
5 3 9872
5 4 1
5 6 0
5 7 7741
5 8 8267
5 10 9085
5 11 9345
5 12 8766
5 13 8490
5 14 6146
5 15 8233
5 16 9702
5 17 7065
5 18 9500
5 19 8735
5 20 9421
5 21 8744
5 22 6497
5 23 6504
5 24 8541
5 25 7783
5 26 9554
5 27 8239
5 28 7864
5 29 8386
5 30 9188
5 31 7933
5 32 8580
5 33 6697
5 34 8600
5 35 8379
5 36 7449
5 37 6632
5 38 8545
5 40 7844
5 41 9495
5 42 7557
5 43 6135
5 44 9259
5 45 9830
5 46 7182
5 47 7949
5 48 7153
5 49 7911
5 50 7718
5 51 9610
5 52 8317
5 53 9563
5 54 8554
5 55 8223
5 56 7966
5 57 8157
5 59 7662
5 60 9810
5 61 7706
5 62 6625
5 63 8363
5 64 7644
5 65 6247
5 66 9920
5 67 7896
5 68 7524
5 69 7767
5 70 7435
5 71 7162
5 72 8205
5 73 6567
5 74 7495
5 75 9244
5 76 6790
5 77 8281
5 78 7999
5 79 9993
5 80 9052
5 82 6660
5 83 9837
5 84 7268
5 85 7677
5 87 7061
5 88 8446
5 89 6228
5 90 6012
5 91 8612
6 0 7957
6 1 7565
6 2 7065
6 3 7400
6 4 7448
6 5 0
6 7 0
6 8 9092
6 9 8610
6 10 6476
6 11 7594
6 12 6767
6 13 8346
6 14 7855
6 15 9218
6 16 7989
6 17 7346
6 18 9235
6 19 8232
6 20 6592
6 21 6673
6 22 9558
6 23 7101
6 24 8952
6 25 8724
6 26 6464
6 27 6510
6 28 9167
6 29 9977
6 30 6183
6 31 8345
6 32 8634
6 33 9205
6 34 8450
6 35 6235
6 37 7163
6 38 9462
6 39 9822
6 40 6385
6 41 9615
6 42 9976
6 43 6053
6 44 9193
6 45 8749
6 46 8996
6 47 8134
6 48 7964
6 49 7435
6 50 6351
6 51 8214
6 52 9303
6 53 9413
6 54 9118
6 55 9295
6 56 7419
6 57 6401
6 58 7750
6 59 8971
6 60 7161
6 61 6723
6 62 9943
6 63 6313
6 65 6956
6 66 9076
6 67 7117
6 68 6092
6 69 6987
6 70 8926
6 71 9138
6 72 7536
6 73 8099
6 74 6546
6 75 6071
6 76 7757
6 77 7007
6 78 7849
6 79 6297
6 80 7152
6 81 9525
6 84 8741
6 85 6986
6 86 6047
6 87 8893
6 89 8149
6 90 9736
6 91 8991
6 92 9659
7 0 7010
7 1 9289
7 2 9868
7 3 7179
7 4 8986
7 5 7950
7 6 0
7 8 0
7 9 9196
7 10 6880
7 11 9126
7 12 9191
7 13 7604
7 14 6104
7 15 7705
7 16 7939
7 17 8322
7 18 6735
7 19 9790
7 20 7031
7 21 8733
7 22 6553
7 23 6184
7 24 6248
7 25 9814
7 26 7860
7 27 6334
7 28 8945
7 29 6399
7 30 9201
7 31 6645
7 32 9670
7 33 6886
7 34 7114
7 35 9236
7 36 8167
7 37 7372
7 39 9049
7 40 7351
7 41 6939
7 42 7730
7 43 9277
7 44 9899
7 45 6217
7 46 9809
7 47 9206
7 48 8493
7 49 7423
7 50 7909
7 51 7954
7 52 6457
7 53 9623
7 54 7121
7 55 6577
7 56 7728
7 57 6677
7 59 6983
7 61 6668
7 62 7314
7 63 6280
7 64 8898
7 65 6897
7 66 7092
7 67 8496
7 68 7455
7 69 8953
7 70 7741
7 71 7895
7 72 6165
7 73 8192
7 74 6465
7 75 9302
7 76 8880
7 77 6995
7 78 6238
7 79 6061
7 80 7571
7 81 6810
7 82 6440
7 83 8919
7 84 7506
7 85 6576
7 86 9331
7 87 6929
7 88 8497
7 89 7634
7 90 8606
7 91 6845
7 92 7136
8 0 9353
8 1 8958
8 2 6020
8 3 7361
8 4 6893
8 5 8414
8 6 7501
8 7 0
8 9 1
8 10 6877
8 11 6732
8 12 8345
8 13 8638
8 15 7589
8 16 8182
8 18 8793
8 19 6274
8 20 8273
8 21 6722
8 22 9394
8 23 8121
8 24 8523
8 25 7132
8 27 8670
8 28 9583
8 29 7554
8 30 7546
8 31 9051
8 32 9980
8 33 8289
8 34 9702
8 35 7267
8 36 6584
8 37 9240
8 38 8658
8 40 6889
8 41 9858
8 42 9989
8 43 7358
8 44 6269
8 45 8116
8 46 6145
8 47 7354
8 48 6898
8 50 7022
8 51 9585
8 52 8664
8 53 8871
8 54 7453
8 56 8833
8 57 6292
8 58 6224
8 59 9198
8 60 6988
8 61 8038
8 63 8515
8 64 9791
8 65 6477
8 66 7019
8 67 8948
8 68 6898
8 69 6512
8 71 9850
8 72 8678
8 73 8775
8 75 7033
8 76 9569
8 77 7716
8 78 7230
8 79 8021
8 80 9927
8 81 6696
8 83 9276
8 84 9586
8 85 8171
8 86 8964
8 87 8617
8 88 9016
8 89 8305
8 90 8469
8 91 8406
8 92 9652
9 0 7250
9 1 9904
9 2 9819
9 3 7021
9 4 7295
9 5 8053
9 7 9867
9 8 0
9 10 1
9 11 8286
9 12 8379
9 13 6509
9 14 8497
9 15 8501
9 16 8736
9 17 7109
9 18 9015
9 19 7447
9 20 7220
9 21 8222
9 22 8344
9 23 8671
9 24 8621
9 25 8004
9 26 9432
9 27 9998
9 28 7899
9 29 7005
9 30 6115
9 31 6672
9 32 8652
9 33 9477
9 34 8509
9 35 8898
9 36 7537
9 38 9286
9 39 7368
9 40 6986
9 41 8802
9 42 8984
9 43 6780
9 44 6130
9 45 7406
9 46 6692
9 47 7632
9 48 8274
9 49 8605
9 50 8261
9 51 7116
9 52 6618
9 53 7522
9 54 6857
9 55 7099
9 56 9832
9 57 6215
9 58 8821
9 59 7223
9 60 7092
9 61 8439
9 62 6472
9 63 8008
9 64 6132
9 65 9531
9 66 9866
9 67 6923
9 68 8155
9 69 8130
9 71 6993
9 72 7099
9 73 7369
9 74 8085
9 75 7397
9 76 6880
9 77 8639
9 78 7997
9 79 7110
9 81 8493
9 82 7675
9 83 8998
9 84 8213
9 85 9611
9 86 6398
9 87 7744
9 88 9283
9 89 8363
9 90 7071
9 91 8518
9 92 8032
10 0 8313
10 1 9990
10 2 8589
10 5 6843
10 6 7537
10 7 6537
10 8 9429
10 9 1
10 11 1
10 13 8498
10 14 6668
10 15 8985
10 16 6955
10 17 7317
10 18 6262
10 19 8211
10 20 9998
10 21 8118
10 22 7255
10 23 8809
10 24 7454
10 25 9192
10 26 7072
10 27 8679
10 28 7820
10 29 7399
10 31 8394
10 32 6454
10 33 9689
10 34 9598
10 35 9371
10 36 7786
10 38 7967
10 39 9696
10 40 9150
10 41 7040
10 42 6794
10 43 9664
10 44 6900
10 45 6607
10 46 7200
10 47 6431
10 48 7025
10 49 6760
10 50 7787
10 51 9346
10 52 9125
10 53 9935
10 54 7242
10 55 6693
10 56 6914
10 57 8112
10 58 7667
10 59 6570
10 61 6217
10 62 9016
10 63 7126
10 64 6983
10 65 6441
10 66 9090
10 67 6079
10 68 6225
10 69 9782
10 70 6096
10 71 8060
10 72 6493
10 73 6557
10 74 9686
10 76 7079
10 77 7471
10 78 6157
10 79 8454
10 80 6600
10 81 9618
10 82 8997
10 83 6567
10 84 8262
10 85 7888
10 86 7467
10 87 9491
10 88 8252
10 89 7931
10 90 9568
10 92 6120
11 0 9237
11 1 8644
11 2 8609
11 3 8154
11 4 8763
11 5 6550
11 6 8591
11 7 8270
11 8 8088
11 9 8933
11 10 1
11 12 0
11 13 6156
11 14 7540
11 15 7330
11 16 9201
11 17 8654
11 18 8293
11 19 7386
11 20 7645
11 21 7853
11 22 8155
11 23 9807
11 24 6077
11 26 9628
11 27 9990
11 28 6149
11 29 6830
11 30 7987
11 31 9765
11 32 9174
11 33 7546
11 34 6762
11 35 6874
11 36 6584
11 37 8354
11 38 9502
11 39 6869
11 40 8524
11 41 8522
11 42 9486
11 43 9453
11 44 8764
11 45 7061
11 46 7528
11 47 7230
11 48 6665
11 49 8940
11 51 6949
11 52 6402
11 53 9650
11 54 6388
11 55 9898
11 56 8692
11 57 6361
11 59 7531
11 60 9907
11 61 6720
11 62 7517
11 63 8430
11 64 8919
11 65 9351
11 66 8472
11 67 8849
11 68 7525
11 69 8131
11 70 7942
11 71 7258
11 72 8396
11 73 7191
11 74 9125
11 75 9169
11 76 9675
11 77 8448
11 78 9437
11 79 6678
11 80 6388
11 81 7615
11 82 7082
11 83 6488
11 84 9792
11 85 9408
11 86 6544
11 87 9739
11 88 7418
11 89 9965
11 90 6919
11 91 7692
11 92 8075
12 0 9724
12 1 9655
12 2 7664
12 3 9898
12 4 7644
12 5 8122
12 6 9697
12 7 6406
12 8 9146
12 9 8871
12 10 7473
12 11 1
12 13 0
12 14 7818
12 15 8861
12 16 7871
12 17 9581
12 18 6044
12 19 9114
12 20 6599
12 21 9410
12 22 6213
12 23 6167
12 24 9867
12 25 9006
12 26 8214
12 27 6791
12 28 7895
12 29 8988
12 30 7232
12 31 6075
12 32 6674
12 33 7287
12 34 7595
12 35 9258
12 36 7082
12 37 7246
12 38 8246
12 39 9271
12 40 7296
12 41 9811
12 42 8768
12 43 8298
12 44 8780
12 45 8558
12 49 7691
12 50 8364
12 51 7429
12 52 8797
12 53 9346
12 55 8408
12 56 6899
12 57 9102
12 58 6598
12 59 6804
12 60 6797
12 61 9812
12 62 7295
12 63 9418
12 64 8706
12 65 7316
12 66 8790
12 67 7978
12 69 6805
12 70 7441
12 71 8493
12 72 6728
12 73 9158
12 76 7712
12 77 9013
12 79 6548
12 80 9252
12 81 6045
12 82 6253
12 83 9019
12 84 7905
12 85 9792
12 86 6957
12 87 8095
12 88 9491
12 89 9615
12 90 9843
12 91 7324
12 92 8523
13 0 6804
13 1 8829
13 2 7444
13 3 9554
13 5 7616
13 6 9760
13 7 6589
13 8 6967
13 9 7091
13 10 6574
13 11 7252
13 12 1
13 14 1
13 15 6553
13 16 7396
13 17 6109
13 19 7582
13 20 9595
13 21 6510
13 22 8836
13 23 8940
13 24 9492
13 25 9288
13 26 8758
13 27 7679
13 28 8490
13 29 9640
13 30 8673
13 31 8767
13 32 7448
13 33 6240
13 34 9893
13 35 7722
13 36 9213
13 37 9766
13 38 8139
13 39 7864
13 40 6602
13 41 6263
13 42 9044
13 43 7151
13 44 9970
13 45 7375
13 46 6375
13 47 8333
13 48 7301
13 49 8909
13 50 9412
13 51 6171
13 52 6902
13 53 8374
13 54 8411
13 55 8563
13 56 6857
13 57 7692
13 58 7198
13 59 7018
13 60 7941
13 61 9134
13 62 6898
13 64 8677
13 65 9451
13 66 8849
13 67 6577
13 68 8652
13 69 9513
13 70 8233
13 71 6937
13 72 7375
13 73 9939
13 74 7602
13 75 7187
13 76 8638
13 77 9551
13 78 8582
13 79 9781
13 80 8872
13 81 7360
13 82 9890
13 83 6410
13 84 7208
13 86 7692
13 87 6026
13 88 9364
13 89 7943
13 90 7330
13 91 8104
13 92 8918
14 0 9311
14 1 6161
14 2 9891
14 3 9800
14 4 8119
14 5 8263
14 6 8056
14 7 8449
14 8 8400
14 9 7956
14 10 9803
14 11 7781
14 12 6751
14 13 1
14 15 0
14 16 8879
14 17 8692
14 18 9875
14 19 7261
14 20 9500
14 21 9943
14 22 7908
14 23 9098
14 24 8913
14 25 7222
14 26 7391
14 27 7457
14 28 6348
14 29 7431
14 30 7273
14 31 7465
14 32 6023
14 33 6286
14 35 8429
14 36 8414
14 37 8222
14 38 8050
14 39 9087
14 41 7281
14 42 8340
14 43 9874
14 44 7742
14 45 9300
14 46 9690
14 47 6266
14 48 8455
14 49 8790
14 51 6190
14 52 7343
14 53 6351
14 54 7191
14 55 8373
14 56 7293
14 57 9833
14 58 8550
14 59 6311
14 60 7309
14 61 6513
14 62 6659
14 63 9863
14 64 8826
14 65 6751
14 67 8628
14 68 8111
14 69 7141
14 70 8697
14 71 7942
14 72 9094
14 73 8662
14 74 7147
14 75 7173
14 76 6651
14 78 8453
14 79 6449
14 80 6416
14 81 9468
14 82 8964
14 83 8513
14 84 7298
14 85 9532
14 86 7869
14 87 7132
14 88 6427
14 89 7687
14 90 7510
14 91 6464
14 92 7693
15 0 7964
15 2 6079
15 3 7883
15 4 7186
15 5 6696
15 6 7967
15 7 9053
15 8 9528
15 9 8352
15 10 8216
15 11 7760
15 12 6370
15 13 8444
15 14 0
15 16 1
15 18 8758
15 20 6887
15 21 6660
15 22 9208
15 23 6669
15 24 9677
15 25 8693
15 26 9343
15 27 9195
15 28 8232
15 29 8699
15 30 6548
15 31 8639
15 33 7741
15 34 7073
15 35 8412
15 36 8730
15 37 7335
15 38 8341
15 39 8179
15 40 9882
15 41 8466
15 42 6735
15 43 9822
15 44 9537
15 45 8099
15 46 7978
15 47 6962
15 48 7372
15 49 8987
15 50 8815
15 51 7557
15 52 8585
15 53 8042
15 54 7449
15 56 7192
15 57 9920
15 58 7054
15 59 8232
15 60 6066
15 61 9753
15 62 6975
15 63 9206
15 64 7729
15 65 8634
15 66 9152
15 67 7068
15 68 8673
15 69 8962
15 70 8677
15 71 7970
15 72 6184
15 73 9803
15 74 6762
15 75 7051
15 76 9714
15 77 6224
15 78 6045
15 79 6520
15 80 7745
15 81 7206
15 82 9903
15 83 8084
15 84 7270
15 85 9847
15 86 8357
15 87 6702
15 88 7609
15 89 7944
15 90 8214
15 91 6690
15 92 7166
16 0 7824
16 1 8078
16 2 6780
16 3 8192
16 4 6446
16 5 8454
16 6 9610
16 7 8040
16 9 7874
16 10 8328
16 12 7875
16 13 8844
16 14 7328
16 15 0
16 17 0
16 18 7968
16 19 8037
16 20 8302
16 21 7814
16 22 8489
16 23 9773
16 24 7906
16 25 8547
16 26 8020
16 27 7744
16 28 7165
16 29 7405
16 30 8109
16 31 6559
16 32 8166
16 33 9502
16 34 8044
16 36 8004
16 37 6539
16 38 6212
16 39 9844
16 40 7180
16 41 7617
16 42 9181
16 43 9433
16 44 7602
16 45 8520
16 46 6649
16 47 9286
16 48 9001
16 49 9113
16 50 8391
16 51 6720
16 52 7182
16 53 7100
16 54 8427
16 55 7576
16 56 9667
16 57 8422
16 58 7288
16 59 9537
16 60 9606
16 61 8829
16 62 7289
16 63 7825
16 64 6308
16 65 8141
16 66 7141
16 67 7617
16 68 6434
16 69 7030
16 70 8780
16 71 6461
16 72 8380
16 73 8313
16 74 7119
16 75 7445
16 76 8274
16 77 6644
16 78 9561
16 79 9102
16 80 7868
16 81 9911
16 82 7350
16 83 8337
16 84 7678
16 85 6931
16 87 7010
16 88 6275
16 89 6257
16 90 7920
16 91 9398
16 92 8951
17 0 7639
17 1 9784
17 2 8504
17 3 7958
17 4 9599
17 5 8862
17 6 7208
17 7 6409
17 8 7968
17 9 8530
17 11 6133
17 12 6697
17 13 7539
17 14 9622
17 15 8830
17 16 1
17 18 1
17 19 9893
17 20 9398
17 22 7625
17 23 8826
17 24 6600
17 25 6219
17 26 6110
17 27 6245
17 28 8330
17 29 6481
17 31 8556
17 32 8585
17 33 6294
17 34 7725
17 35 8518
17 36 8427
17 37 6954
17 38 7560
17 39 7526
17 40 7399
17 41 9190
17 42 6863
17 45 8146
17 46 9767
17 47 7006
17 48 6267
17 49 8877
17 50 7489
17 51 6115
17 52 9104
17 53 6951
17 54 8312
17 55 8207
17 56 6817
17 57 9663
17 58 6974
17 59 9844
17 60 7888
17 61 7102
17 62 8994
17 63 9406
17 64 9759
17 66 9911
17 67 7680
17 68 6691
17 69 7179
17 70 6351
17 71 9525
17 72 8723
17 73 7947
17 74 7695
17 75 7732
17 76 8483
17 77 9293
17 78 6730
17 79 9703
17 80 8470
17 81 6120
17 82 8611
17 83 9637
17 84 9511
17 85 8687
17 86 6138
17 87 7858
17 88 6600
17 89 7069
17 90 7757
17 91 7575
17 92 8658
18 0 7375
18 1 9476
18 2 7377
18 3 7146
18 4 6875
18 6 9325
18 7 6277
18 8 6990
18 9 8253
18 10 6740
18 11 6849
18 12 9753
18 13 9120
18 14 6966
18 15 8144
18 16 8481
18 17 0
18 19 0
18 20 9071
18 21 8165
18 22 9117
18 23 7712
18 24 8921
18 25 9106
18 26 8980
18 27 8695
18 28 8172
18 29 7392
18 30 8405
18 31 6558
18 32 9712
18 33 6639
18 34 9033
18 35 8171
18 36 7109
18 37 7185
18 38 9166
18 39 7231
18 40 7669
18 41 6457
18 42 6892
18 43 8810
18 44 6313
18 45 6127
18 46 7497
18 48 6819
18 49 6936
18 50 7063
18 51 7036
18 52 8971
18 53 7297
18 55 6440
18 56 6672
18 57 7191
18 58 7906
18 59 6772
18 60 9801
18 61 6643
18 62 9972
18 63 8301
18 64 6382
18 65 9528
18 66 6709
18 67 9521
18 68 9400
18 69 8376
18 70 6266
18 71 7883
18 72 7283
18 73 6354
18 76 9935
18 77 8929
18 78 8891
18 79 7237
18 80 9461
18 81 7401
18 82 6393
18 83 6404
18 85 8873
18 86 8787
18 87 6398
18 88 8192
18 89 7462
18 90 7435
18 91 7347
18 92 6069
19 0 6315
19 1 8382
19 2 8205
19 3 6201
19 4 8270
19 5 6922
19 6 6575
19 7 9933
19 8 7544
19 9 9973
19 10 8048
19 11 7951
19 12 7674
19 13 6503
19 14 6760
19 15 9328
19 16 8404
19 17 9788
19 18 1
19 20 1
19 21 7167
19 22 6617
19 23 7180
19 24 7670
19 25 8835
19 26 8008
19 27 6501
19 28 6201
19 29 6848
19 30 6677
19 31 9085
19 33 9352
19 34 8755
19 35 6002
19 36 9538
19 37 9149
19 38 7369
19 39 8813
19 40 7117
19 41 6060
19 42 7955
19 43 9339
19 44 8325
19 45 6732
19 46 7904
19 47 8357
19 48 7368
19 49 6097
19 50 8195
19 51 8222
19 52 9285
19 53 9220
19 54 7717
19 55 9167
19 56 7918
19 57 8276
19 58 9019
19 59 8158
19 60 7730
19 61 9014
19 62 8753
19 63 6570
19 64 9306
19 65 7714
19 66 8643
19 67 9990
19 68 9680
19 69 6435
19 70 9695
19 71 7178
19 72 8667
19 73 9201
19 75 7935
19 76 8697
19 77 6174
19 78 8129
19 79 9477
19 80 6481
19 81 6259
19 82 7874
19 83 9140
19 84 7224
19 85 8506
19 86 8068
19 87 9795
19 88 6920
19 89 9993
19 90 9762
19 91 9989
19 92 7168
20 0 8786
20 2 7088
20 4 9241
20 5 7438
20 6 7038
20 7 9798
20 8 9122
20 9 7369
20 10 6581
20 11 6829
20 12 6583
20 13 8506
20 14 6907
20 15 9908
20 16 7992
20 17 9950
20 18 6485
20 19 0
20 21 1
20 22 6374
20 23 6087
20 24 8941
20 25 6913
20 26 8411
20 27 9221
20 28 9291
20 29 7168
20 30 7387
20 31 7593
20 32 6035
20 33 6717
20 34 6513
20 35 7430
20 36 8889
20 37 7773
20 38 7252
20 39 7985
20 40 9714
20 41 6391
20 42 6743
20 43 8393
20 44 9645
20 46 7840
20 47 8886
20 48 9157
20 49 8580
20 50 6960
20 51 8332
20 52 7190
20 53 6371
20 54 9478
20 55 9358
20 56 7569
20 59 6097
20 60 9757
20 61 8856
20 62 7282
20 63 9017
20 65 7103
20 66 6179
20 67 7528
20 68 6621
20 69 9524
20 70 9968
20 72 7803
20 73 8813
20 74 7746
20 75 8955
20 76 7132
20 77 8221
20 78 6477
20 79 8354
20 80 9688
20 81 8415
20 82 7987
20 83 6099
20 84 9223
20 85 6464
20 86 9651
20 87 6823
20 88 7321
20 89 8818
20 90 8230
20 91 8272
20 92 9448
21 0 6288
21 1 7486
21 2 9768
21 3 8706
21 4 8628
21 5 7849
21 6 9805
21 7 7470
21 8 6425
21 9 9785
21 10 8729
21 11 9221
21 12 8948
21 13 8645
21 14 9635
21 15 9324
21 16 7760
21 18 6717
21 19 8660
21 20 1
21 22 1
21 23 8113
21 24 9203
21 25 9344
21 26 9077
21 27 7306
21 28 8023
21 29 8624
21 30 6021
21 31 7825
21 32 9805
21 33 8451
21 34 9448
21 35 8998
21 36 7585
21 37 8890
21 38 8293
21 39 6212
21 40 6882
21 42 6626
21 43 9261
21 44 8100
21 45 7546
21 46 6850
21 47 9786
21 48 7666
21 49 7393
21 50 9360
21 51 6394
21 52 8803
21 53 6394
21 54 6438
21 55 7698
21 56 6888
21 57 9135
21 58 6121
21 59 8486
21 61 6541
21 62 8748
21 63 6171
21 64 6621
21 65 6827
21 66 7647
21 67 6810
21 68 8054
21 69 9441
21 70 8546
21 71 9533
21 72 7817
21 73 7773
21 74 9726
21 76 6927
21 77 9797
21 78 8189
21 79 9105
21 80 7410
21 81 8641
21 82 9685
21 84 9660
21 85 6477
21 86 9835
21 87 8616
21 88 7708
21 89 6302
21 90 7969
21 91 8021
21 92 6811
22 0 7621
22 1 8957
22 2 7577
22 3 9015
22 4 6550
22 5 9708
22 6 7241
22 7 8814
22 8 9028
22 9 9692
22 10 9520
22 11 7476
22 12 7983
22 13 7243
22 14 7011
22 15 8416
22 17 8602
22 18 8358
22 19 6041
22 20 8814
22 21 1
22 23 1
22 24 6388
22 25 6732
22 26 7340
22 27 9658
22 28 7858
22 29 9238
22 30 9786
22 31 7109
22 32 8752
22 33 9208
22 34 9764
22 35 6978
22 36 9762
22 37 6397
22 38 8682
22 39 6379
22 40 9918
22 42 8259
22 43 6646
22 44 7493
22 45 8823
22 46 6417
22 47 8987
22 48 8368
22 49 7288
22 50 8624
22 51 9742
22 52 9155
22 53 7975
22 54 8808
22 55 6944
22 56 9221
22 57 9354
22 58 6427
22 59 8678
22 60 6853
22 61 9420
22 62 6929
22 63 8713
22 64 8934
22 65 9035
22 66 6944
22 67 9848
22 68 7031
22 69 9174
22 70 6395
22 71 6756
22 72 9802
22 73 7263
22 74 8632
22 76 9488
22 77 8667
22 78 6720
22 79 9613
22 80 8620
22 81 9172
22 82 8468
22 83 6086
22 84 8551
22 85 6863
22 86 8245
22 87 6424
22 88 6660
22 89 7252
22 90 9778
22 91 8896
22 92 8483
23 0 8231
23 1 7589
23 2 8452
23 3 8047
23 4 9993
23 5 9085
23 6 8183
23 7 7413
23 8 8758
23 9 8389
23 10 6738
23 11 6014
23 12 7976
23 13 9935
23 14 7756
23 15 9131
23 16 8150
23 17 9244
23 18 8650
23 19 8312
23 20 8272
23 21 6020
23 22 1
23 24 1
23 25 8602
23 26 6403
23 27 8283
23 28 7218
23 29 7610
23 31 7525
23 32 6957
23 34 7663
23 35 7199
23 36 6817
23 37 9893
23 38 8151
23 39 7920
23 40 9279
23 41 6086
23 42 7776
23 43 9653
23 44 9827
23 45 8309
23 46 7596
23 47 8823
23 48 8895
23 49 7937
23 50 8693
23 51 8290
23 52 9387
23 53 6830
23 54 7980
23 55 8360
23 56 6152
23 57 8507
23 59 8355
23 60 7634
23 61 9235
23 62 7071
23 63 8145
23 64 6159
23 65 8057
23 66 9053
23 67 6311
23 68 8609
23 69 6986
23 70 8873
23 71 6872
23 72 7142
23 73 8331
23 74 8160
23 75 9516
23 76 8062
23 77 8541
23 78 9378
23 79 9026
23 80 9424
23 81 6209
23 82 6764
23 83 8909
23 84 6772
23 85 8893
23 86 7743
23 88 9085
23 89 8368
23 90 6910
23 91 7593
23 92 6588
24 0 7300
24 1 7489
24 2 7005
24 3 8157
24 5 7865
24 6 8159
24 7 7084
24 9 8516
24 10 7506
24 11 9012
24 12 9456
24 13 9946
24 14 7982
24 15 8132
24 16 7797
24 17 7142
24 19 8600
24 20 9462
24 22 9204
24 23 0
24 25 1
24 26 9129
24 27 8329
24 28 7134
24 29 6338
24 30 8355
24 31 7365
24 32 8074
24 33 7429
24 34 8459
24 35 9922
24 36 8190
24 37 8948
24 38 7200
24 39 6068
24 40 6714
24 41 8385
24 42 7875
24 43 9523
24 44 6554
24 45 6531
24 46 8189
24 47 6550
24 48 9638
24 49 8924
24 50 9261
24 51 9772
24 52 6117
24 53 6461
24 54 8474
24 55 6767
24 56 9927
24 57 9541
24 58 6279
24 59 9126
24 60 8330
24 61 8425
24 62 8429
24 63 7710
24 64 9508
24 65 8153
24 66 6382
24 67 9342
24 68 7291
24 69 6764
24 70 8255
24 71 7034
24 72 6013
24 73 8912
24 74 7290
24 75 6443
24 76 7050
24 77 9599
24 78 9882
24 79 6591
24 80 7586
24 81 9826
24 82 7813
24 83 8622
24 84 6750
24 85 9659
24 86 7212
24 87 6398
24 88 9583
24 89 9591
24 90 8552
24 91 7084
24 92 7502
25 0 6267
25 1 9313
25 2 8852
25 3 8136
25 4 6130
25 5 7859
25 6 8629
25 7 8346
25 8 9523
25 9 6269
25 10 8744
25 11 6019
25 13 8322
25 14 6611
25 15 7290
25 16 7591
25 17 9458
25 18 8727
25 19 9934
25 20 7623
25 21 6971
25 22 9210
25 23 8635
25 24 0
25 26 1
25 27 6856
25 28 9706
25 30 9634
25 31 7754
25 32 6925
25 33 6233
25 34 9534
25 35 8497
25 36 6961
25 37 7501
25 38 6960
25 39 6887
25 40 8327
25 41 8169
25 42 6113
25 43 8284
25 44 7404
25 45 6183
25 46 9252
25 47 9259
25 48 7856
25 49 8684
25 50 9472
25 51 9053
25 52 9006
25 53 8995
25 54 6615
25 55 9449
25 56 7210
25 57 6771
25 58 9313
25 59 8533
25 60 9763
25 62 8584
25 63 9822
25 64 6204
25 65 9933
25 66 6094
25 67 8748
25 68 7040
25 69 7567
25 70 7326
25 71 6004
25 72 8790
25 73 6264
25 74 7802
25 75 8158
25 76 9309
25 77 9447
25 78 8344
25 79 8823
25 80 6077
25 81 6843
25 82 7522
25 83 7708
25 84 8422
25 85 7086
25 86 9402
25 87 9276
25 88 7228
25 89 7337
25 90 6882
25 91 6778
25 92 9562
26 0 7039
26 1 8834
26 2 7609
26 3 8181
26 4 7284
26 5 8465
26 6 9652
26 7 9118
26 8 6439
26 9 8258
26 11 6828
26 12 7249
26 13 9976
26 14 9279
26 15 9753
26 16 9397
26 17 9845
26 18 8805
26 19 9529
26 20 8431
26 21 9193
26 23 7979
26 24 6372
26 25 1
26 27 1
26 28 6200
26 29 7410
26 30 6363
26 31 7739
26 32 7366
26 33 6960
26 34 6057
26 35 9836
26 36 6015
26 38 8256
26 39 9455
26 40 6260
26 41 8997
26 42 7280
26 43 6223
26 44 7572
26 45 7962
26 46 7387
26 47 6506
26 48 7728
26 49 6673
26 50 7380
26 51 9957
26 52 9210
26 53 7540
26 54 6093
26 55 7334
26 56 7988
26 57 9135
26 58 6760
26 59 7797
26 60 9470
26 61 6323
26 62 9610
26 63 8043
26 64 8657
26 65 8159
26 66 7885
26 67 9729
26 68 9373
26 70 7811
26 71 8531
26 72 6406
26 73 6740
26 74 6360
26 75 7535
26 76 7968
26 77 7627
26 78 8854
26 79 6718
26 80 8553
26 81 6458
26 82 8014
26 84 9924
26 85 8463
26 86 6705
26 87 7636
26 88 8869
26 89 8983
26 90 6100
26 91 9793
26 92 9965
27 0 6443
27 1 8119
27 2 6634
27 3 9957
27 5 9563
27 6 9895
27 7 6340
27 8 6409
27 9 7335
27 10 8078
27 11 8973
27 12 7266
27 13 9544
27 15 6748
27 16 6184
27 17 8558
27 18 7068
27 19 9463
27 20 9195
27 21 7772
27 22 8331
27 23 9536
27 24 6902
27 25 8805
27 26 0
27 28 0
27 29 7710
27 30 6407
27 31 7085
27 32 9605
27 33 8706
27 35 7834
27 36 8843
27 37 8719
27 38 9060
27 39 7039
27 40 8592
27 41 8373
27 42 9663
27 43 8934
27 44 8565
27 45 7990
27 46 9537
27 47 8457
27 48 9407
27 49 9938
27 50 6031
27 51 6629
27 52 9961
27 53 9026
27 54 6515
27 55 9403
27 56 6785
27 57 7513
27 58 7321
27 60 7832
27 61 8863
27 62 8206
27 63 8305
27 64 7727
27 65 9001
27 66 7080
27 67 6999
27 68 9060
27 69 7540
27 70 6489
27 71 6582
27 72 8258
27 73 7604
27 74 8663
27 75 7697
27 76 6630
27 77 6781
27 78 6543
27 79 9204
27 80 6159
27 81 9229
27 82 6426
27 83 6461
27 84 8673
27 85 7265
27 86 9186
27 87 9004
27 88 7916
27 89 6929
27 90 7112
27 91 7825
27 92 9471
28 0 6353
28 1 9588
28 2 8823
28 3 6885
28 4 8883
28 5 8862
28 6 7737
28 7 8095
28 8 6464
28 9 8667
28 10 7533
28 11 6613
28 12 6332
28 13 9651
28 14 6595
28 16 6011
28 17 8021
28 18 9406
28 20 7173
28 22 9028
28 23 7179
28 24 6966
28 25 8600
28 26 7965
28 27 0
28 29 1
28 30 7393
28 31 7818
28 32 9115
28 33 9465
28 34 9271
28 35 6477
28 36 6273
28 37 9385
28 38 9445
28 39 7436
28 40 6470
28 41 9956
28 42 6842
28 43 6977
28 44 9607
28 45 6428
28 46 7919
28 47 8016
28 48 6501
28 49 7971
28 50 6037
28 51 8036
28 52 6340
28 53 8239
28 54 8861
28 55 6702
28 56 9835
28 57 9397
28 58 9502
28 59 9626
28 61 7000
28 62 7565
28 63 6003
28 65 8013
28 66 7370
28 67 6442
28 68 9729
28 69 9837
28 70 6684
28 71 6222
28 72 9449
28 73 6804
28 74 9935
28 75 8332
28 76 9241
28 77 7735
28 78 6553
28 79 9129
28 80 8393
28 81 7593
28 82 8000
28 83 6615
28 84 9560
28 85 9179
28 86 6407
28 87 7429
28 88 7464
28 89 6959
28 90 6729
28 91 6906
28 92 9811
29 1 8539
29 2 9048
29 3 8851
29 4 6337
29 5 6408
29 6 6844
29 7 8190
29 8 8931
29 9 7364
29 10 7594
29 11 7796
29 12 9951
29 13 6277
29 14 8537
29 15 9792
29 16 6793
29 17 9601
29 18 8202
29 19 8632
29 20 6944
29 21 6472
29 22 9295
29 23 9823
29 24 9148
29 25 6193
29 26 7003
29 27 7582
29 28 1
29 30 1
29 32 7349
29 33 8987
29 34 6110
29 35 6056
29 36 9688
29 37 9801
29 38 9383
29 39 6255
29 40 6518
29 41 6612
29 42 7246
29 43 8636
29 44 9220
29 45 7820
29 46 6281
29 48 8027
29 49 9601
29 50 6554
29 51 6799
29 52 7978
29 53 6458
29 54 9061
29 55 9357
29 56 7928
29 57 6881
29 58 6770
29 59 6576
29 60 6458
29 61 7726
29 62 9200
29 63 8853
29 64 6742
29 65 7063
29 66 6151
29 67 6855
29 68 7888
29 69 7921
29 71 9402
29 72 9379
29 73 6232
29 74 8723
29 75 6008
29 76 9861
29 78 9881
29 79 9782
29 80 8665
29 81 9556
29 82 7849
29 83 9754
29 84 9610
29 85 9276
29 86 8249
29 87 6141
29 88 6282
29 89 9799
29 90 9799
29 91 6568
29 92 7069
30 0 9647
30 1 6409
30 2 6953
30 3 7713
30 4 6749
30 6 8901
30 7 8897
30 9 8418
30 10 7031
30 11 9236
30 12 8811
30 13 8258
30 14 6551
30 15 6840
30 16 8397
30 17 7809
30 18 7193
30 19 8954
30 20 8240
30 21 6638
30 22 8290
30 23 8215
30 24 7675
30 25 6789
30 26 6864
30 27 6490
30 28 8808
30 29 1
30 31 1
30 32 9598
30 33 6609
30 34 8062
30 35 9868
30 36 8253
30 37 7192
30 38 7751
30 39 9693
30 40 7245
30 41 8622
30 43 9812
30 44 9128
30 45 7485
30 46 6606
30 47 9419
30 48 7532
30 49 9428
30 50 6920
30 51 6357
30 52 6996
30 53 8432
30 54 7772
30 55 9723
30 56 8483
30 57 7540
30 59 6946
30 60 9868
30 61 8290
30 62 7664
30 63 6900
30 64 8414
30 65 9652
30 68 6509
30 69 8549
30 70 7236
30 71 9875
30 72 7029
30 73 9646
30 74 6869
30 75 8441
30 76 8401
30 77 7130
30 78 8034
30 79 6266
30 80 6796
30 81 8129
30 82 6102
30 83 8157
30 84 9867
30 85 6866
30 86 7710
30 87 7760
30 88 8817
30 89 9673
30 90 7962
30 91 9419
30 92 9649
31 0 7279
31 1 8736
31 2 7866
31 3 7906
31 4 6538
31 5 7494
31 6 7099
31 7 6659
31 8 8137
31 9 7109
31 10 7356
31 11 7828
31 12 6171
31 13 9230
31 14 6843
31 15 6670
31 16 9998
31 17 7840
31 19 7793
31 20 7263
31 21 8225
31 22 6408
31 24 7482
31 25 7932
31 26 6161
31 27 9122
31 28 8185
31 29 8184
31 30 0
31 32 0
31 33 8821
31 34 9416
31 37 7206
31 38 7146
31 39 6677
31 40 7250
31 41 9969
31 42 6426
31 43 6909
31 44 6771
31 45 7612
31 46 6514
31 47 7777
31 48 9532
31 49 9805
31 50 6194
31 51 9427
31 52 9359
31 53 8688
31 54 8490
31 55 7044
31 56 7202
31 57 7064
31 58 7486
31 59 9001
31 61 6088
31 62 7476
31 63 6068
31 64 7849
31 65 6271
31 66 6825
31 67 8170
31 68 8327
31 69 9246
31 70 6750
31 71 9066
31 72 9111
31 73 9936
31 74 6024
31 75 7892
31 76 9320
31 77 7590
31 78 6399
31 80 7519
31 81 9126
31 82 8101
31 83 7251
31 84 8034
31 85 6653
31 86 6502
31 87 6447
31 88 8658
31 89 6748
31 90 6087
31 91 9406
31 92 9771
32 0 9298
32 2 8589
32 3 7609
32 4 7267
32 5 6410
32 6 7711
32 7 7535
32 8 8935
32 9 9184
32 10 8099
32 11 9964
32 12 6250
32 13 8237
32 14 7343
32 15 6551
32 16 6513
32 17 9773
32 18 8169
32 19 9029
32 20 7880
32 21 9155
32 22 6524
32 23 7134
32 24 8149
32 25 7358
32 26 6635
32 27 7191
32 28 7584
32 29 6750
32 30 9609
32 31 1
32 33 0
32 34 8793
32 36 7708
32 37 9990
32 39 9950
32 40 8888
32 41 7846
32 42 9530
32 43 8025
32 44 6537
32 45 7614
32 46 7569
32 47 9585
32 48 8793
32 49 9885
32 50 7207
32 51 7979
32 52 9059
32 53 8056
32 54 7675
32 55 9550
32 56 6576
32 57 6596
32 58 7893
32 59 6148
32 60 7755
32 61 8335
32 62 9913
32 63 7197
32 64 7888
32 65 9278
32 66 7276
32 67 9124
32 70 8160
32 71 9901
32 72 7632
32 73 6320
32 74 9840
32 75 8771
32 76 9250
32 77 7506
32 78 9582
32 79 6286
32 80 8400
32 81 9020
32 82 8624
32 83 9980
32 84 9688
32 85 9619
32 86 7126
32 87 9036
32 89 9402
32 90 9539
32 91 9497
32 92 6813
33 0 8134
33 1 7326
33 2 9365
33 3 8333
33 4 6796
33 5 9113
33 6 6947
33 7 7338
33 8 9589
33 9 6518
33 10 6436
33 11 9426
33 12 9649
33 13 9354
33 14 6975
33 15 6901
33 16 9449
33 17 6200
33 18 6762
33 19 6948
33 20 6739
33 21 7872
33 22 9992
33 23 6786
33 24 9167
33 25 9752
33 26 6017
33 27 6425
33 28 8437
33 29 9269
33 30 9638
33 31 7503
33 32 1
33 34 0
33 35 8652
33 36 8550
33 37 9219
33 38 9775
33 39 9462
33 40 7364
33 41 6675
33 42 7308
33 43 6815
33 44 7285
33 45 8136
33 46 7879
33 47 8773
33 48 7539
33 49 9762
33 50 8077
33 51 8964
33 52 8816
33 53 8100
33 54 9957
33 55 6402
33 56 9998
33 57 8202
33 58 6257
33 59 6328
33 60 9981
33 61 7595
33 62 6905
33 63 9843
33 64 9984
33 65 7556
33 66 9140
33 67 7151
33 68 8267
33 69 9755
33 70 6261
33 71 7132
33 72 8273
33 73 6301
33 74 6793
33 75 8322
33 76 9354
33 77 6148
33 78 9517
33 79 7672
33 80 9464
33 81 8929
33 82 6216
33 83 8067
33 84 7131
33 85 9223
33 86 6522
33 87 6036
33 88 9643
33 90 7863
33 91 6118
33 92 6846
34 0 6573
34 1 8761
34 2 9326
34 3 9479
34 4 7152
34 5 9532
34 6 8661
34 7 9494
34 8 8861
34 9 6951
34 10 8470
34 11 8685
34 12 9430
34 13 9178
34 14 8993
34 15 9109
34 16 7937
34 18 8742
34 19 9543
34 20 6928
34 21 8025
34 22 7794
34 23 9050
34 24 8160
34 25 9925
34 26 9000
34 27 8753
34 28 9173
34 29 9385
34 30 9472
34 31 7492
34 32 6425
34 33 0
34 35 1
34 36 7611
34 37 9508
34 38 9772
34 39 9241
34 40 7657
34 41 6630
34 42 6336
34 43 9719
34 44 8686
34 46 7485
34 47 9624
34 48 9873
34 49 8633
34 50 9476
34 51 8508
34 52 6149
34 53 9243
34 54 7265
34 55 8983
34 56 8125
34 57 8690
34 58 8476
34 59 8579
34 60 8122
34 61 6129
34 62 6472
34 63 8788
34 64 7851
34 65 8662
34 66 7341
34 68 9474
34 69 7472
34 70 9443
34 71 8722
34 72 7794
34 73 9500
34 74 7129
34 75 9367
34 76 8879
34 78 6342
34 79 8141
34 80 8251
34 81 7421
34 82 8350
34 83 9902
34 84 8053
34 85 7747
34 86 6608
34 87 6645
34 88 9772
34 89 8457
34 90 9805
34 91 7108
34 92 9921
35 0 6120
35 1 8134
35 2 9010
35 3 7817
35 5 8593
35 6 8381
35 7 6338
35 8 7067
35 9 8447
35 10 8008
35 11 8716
35 12 7545
35 13 6014
35 14 7369
35 15 6139
35 16 9104
35 17 6628
35 18 9109
35 19 7791
35 20 6032
35 21 9846
35 24 6987
35 25 9686
35 26 9916
35 27 7953
35 28 8618
35 29 6691
35 32 6662
35 33 9369
35 34 1
35 36 1
35 37 8434
35 38 7555
35 39 6084
35 40 6263
35 41 6850
35 42 8302
35 43 6533
35 44 7300
35 45 6840
35 46 6481
35 48 7296
35 49 7862
35 50 7141
35 51 9867
35 52 8494
35 53 8386
35 54 8952
35 55 9694
35 56 9678
35 57 8423
35 58 6450
35 59 7838
35 60 9102
35 61 8841
35 62 8231
35 63 9167
35 64 7828
35 65 7489
35 66 6536
35 67 6539
35 68 6436
35 69 7012
35 70 9001
35 72 6728
35 73 6301
35 74 9461
35 75 9651
35 76 9789
35 77 9436
35 78 7785
35 79 9489
35 80 8524
35 81 8425
35 82 6866
35 83 8953
35 84 8429
35 85 9150
35 86 9687
35 87 6339
35 88 9902
35 89 8318
35 90 9302
35 91 7469
35 92 9741
36 0 6163
36 1 9348
36 2 7446
36 3 6580
36 4 7717
36 5 6598
36 6 9367
36 7 6532
36 8 8634
36 9 8080
36 10 8480
36 11 8721
36 12 9537
36 13 6000
36 14 7550
36 15 6123
36 16 6969
36 17 8384
36 18 6046
36 19 8231
36 20 6470
36 22 6242
36 23 6257
36 24 7458
36 25 8648
36 26 6695
36 27 8267
36 28 8431
36 29 9487
36 30 8796
36 31 9727
36 32 9937
36 33 8823
36 34 7984
36 35 0
36 37 0
36 38 9417
36 39 8494
36 40 8329
36 41 7833
36 42 7956
36 43 9240
36 44 6265
36 45 7783
36 46 6608
36 47 7434
36 48 8544
36 49 8639
36 50 7346
36 51 7995
36 52 7021
36 53 6608
36 54 9310
36 55 7310
36 56 7152
36 57 9526
36 58 9318
36 59 9310
36 62 7092
36 63 7452
36 64 9927
36 65 6954
36 66 7488
36 67 6130
36 68 9767
36 70 8184
36 71 7346
36 72 8993
36 73 8482
36 74 8146
36 75 7642
36 76 8568
36 77 8108
36 78 8894
36 79 7739
36 80 6753
36 81 9820
36 82 8447
36 83 8616
36 84 6463
36 85 7464
36 87 6494
36 88 9927
36 89 6161
36 90 6779
36 91 9028
36 92 7536
37 1 6475
37 2 8952
37 3 7086
37 4 6311
37 5 7209
37 6 9694
37 7 6654
37 8 6382
37 9 7994
37 10 7185
37 11 6766
37 12 7943
37 13 7517
37 15 7582
37 16 7391
37 17 9728
37 18 9624
37 19 7581
37 20 7698
37 21 8167
37 22 6438
37 23 6239
37 24 7371
37 25 8977
37 26 9895
37 27 9081
37 28 6716
37 29 6411
37 30 6881
37 31 9890
37 32 6328
37 33 7376
37 34 9388
37 35 7583
37 36 0
37 38 1
37 39 7387
37 41 6587
37 42 6999
37 43 9576
37 44 7322
37 45 6213
37 46 8781
37 47 8128
37 48 7813
37 49 7891
37 50 7459
37 51 9086
37 52 6347
37 53 6125
37 54 8270
37 55 9500
37 56 6764
37 57 8892
37 58 9444
37 60 7023
37 61 6204
37 62 9410
37 64 7755
37 65 8808
37 66 9762
37 67 9267
37 68 7745
37 69 6407
37 70 9677
37 71 7134
37 72 7348
37 73 8191
37 74 8153
37 75 6296
37 76 7778
37 77 7150
37 80 8822
37 81 8428
37 82 7427
37 84 8529
37 85 8152
37 86 8432
37 87 6614
37 88 7990
37 89 8328
37 90 6265
37 92 7102
38 0 8753
38 1 7955
38 2 9530
38 3 7424
38 4 7485
38 5 9813
38 6 9888
38 7 9193
38 8 8886
38 9 8818
38 10 6686
38 11 8625
38 12 9457
38 13 6618
38 14 8637
38 15 7589
38 16 7903
38 17 8123
38 18 8065
38 19 8630
38 20 8470
38 21 9181
38 22 7950
38 23 6694
38 24 6820
38 25 9706
38 26 9786
38 27 8812
38 28 8896
38 29 8188
38 30 8081
38 31 8647
38 32 9922
38 33 6996
38 34 9532
38 35 9455
38 36 6326
38 37 1
38 39 1
38 40 9680
38 42 7752
38 43 9080
38 44 7110
38 45 9048
38 46 6316
38 47 9198
38 48 9242
38 49 8986
38 50 6853
38 51 7001
38 52 7412
38 53 6540
38 55 8873
38 57 9048
38 58 8210
38 59 9221
38 60 9961
38 61 9041
38 62 9439
38 63 7987
38 64 9619
38 65 9202
38 67 6140
38 68 7133
38 69 9012
38 70 8525
38 71 6605
38 72 8326
38 73 6117
38 74 8686
38 75 9812
38 76 7089
38 77 7562
38 78 6243
38 79 7055
38 80 7950
38 81 8751
38 82 8435
38 83 7485
38 84 7292
38 85 9048
38 86 7669
38 87 7178
38 88 6910
38 90 9153
38 91 7615
38 92 6524
39 0 9332
39 1 6406
39 2 9293
39 3 8087
39 4 7563
39 5 8770
39 6 6371
39 7 8071
39 8 7129
39 9 7087
39 10 8448
39 11 9479
39 12 7107
39 13 8668
39 14 6136
39 15 9796
39 16 8142
39 17 6093
39 18 8951
39 19 9541
39 20 9866
39 21 7230
39 22 7467
39 23 8012
39 24 7283
39 25 7023
39 26 7699
39 27 8622
39 28 8139
39 29 9640
39 30 8890
39 31 7369
39 32 6939
39 33 8162
39 34 8140
39 35 9638
39 36 9308
39 37 9562
39 38 0
39 40 0
39 41 6112
39 42 8470
39 43 6494
39 44 6951
39 45 8959
39 46 6142
39 47 8566
39 48 9379
39 49 8420
39 50 9417
39 51 6038
39 52 6442
39 53 8854
39 54 8966
39 55 9159
39 56 7173
39 57 6600
39 58 8942
39 59 8905
39 62 6385
39 63 8569
39 64 9780
39 65 6287
39 66 6310
39 67 9015
39 68 7244
39 69 9495
39 70 6965
39 71 8769
39 72 6520
39 73 9441
39 74 7608
39 75 9329
39 76 9515
39 77 9874
39 78 7025
39 79 9656
39 80 9932
39 81 8998
39 82 7632
39 83 8837
39 84 6358
39 85 6272
39 86 9960
39 87 9176
39 88 8047
39 89 7200
39 90 6216
39 91 9229
39 92 7276
40 0 7003
40 1 6128
40 2 8866
40 3 6198
40 5 6244
40 6 9888
40 7 7220
40 8 8920
40 9 7606
40 10 6104
40 11 9969
40 12 6323
40 13 8039
40 14 7013
40 15 6262
40 16 9407
40 17 9735
40 18 7303
40 19 8091
40 20 6133
40 21 8687
40 22 7709
40 23 8053
40 24 9159
40 25 7354
40 26 9898
40 27 7289
40 28 6550
40 29 6294
40 30 9365
40 31 6537
40 32 8277
40 33 9533
40 34 8704
40 35 8140
40 36 7975
40 37 9393
40 38 9929
40 39 0
40 41 0
40 42 9514
40 43 6993
40 44 7597
40 45 6739
40 46 8700
40 47 9479
40 48 7156
40 49 8599
40 50 9708
40 52 9922
40 53 9943
40 54 6974
40 55 7618
40 56 6473
40 57 6526
40 58 8224
40 59 9472
40 60 8081
40 61 8135
40 62 9557
40 63 8717
40 64 9569
40 65 8900
40 66 7383
40 67 6474
40 68 9179
40 69 9548
40 70 8610
40 71 6560
40 72 6066
40 73 6799
40 74 7133
40 75 6221
40 76 7812
40 77 8503
40 78 7078
40 79 8536
40 80 9325
40 81 8155
40 82 8424
40 83 6635
40 85 8791
40 86 8707
40 87 8656
40 88 8071
40 89 8503
40 90 9356
40 91 7859
40 92 8724
41 0 8923
41 1 7329
41 2 7425
41 3 8133
41 4 6404
41 5 8877
41 6 6728
41 7 6872
41 9 7217
41 10 6310
41 11 7567
41 12 6114
41 13 6503
41 14 8828
41 15 8542
41 16 6178
41 17 8582
41 18 9308
41 19 6046
41 20 6882
41 21 9659
41 22 7294
41 23 6003
41 24 7234
41 25 7860
41 26 7279
41 27 8546
41 28 9703
41 29 7344
41 30 6144
41 31 6244
41 32 7785
41 33 7913
41 34 7685
41 35 9878
41 37 9024
41 39 9133
41 40 1
41 42 1
41 43 8855
41 44 9669
41 46 9816
41 47 7372
41 48 8296
41 49 7528
41 50 8227
41 51 9421
41 52 6132
41 53 6000
41 54 6774
41 55 8160
41 57 9335
41 58 7188
41 59 6453
41 60 8996
41 61 7819
41 62 7151
41 63 7425
41 65 7864
41 66 9008
41 67 7311
41 68 9216
41 69 6495
41 70 7997
41 71 9070
41 72 6337
41 73 9318
41 74 9432
41 75 7723
41 76 6451
41 77 9776
41 78 8214
41 79 9184
41 80 8959
41 81 6330
41 82 9759
41 83 7933
41 85 6125
41 86 8591
41 87 7094
41 88 7817
41 89 8028
41 91 6503
41 92 8731
42 0 8755
42 1 9063
42 2 7381
42 3 8778
42 4 6178
42 5 7448
42 6 9930
42 7 9631
42 8 8621
42 9 8661
42 10 7005
42 11 9094
42 13 6514
42 15 9132
42 16 6703
42 17 7966
42 18 6977
42 19 7426
42 20 9640
42 21 8956
42 22 8233
42 23 9478
42 24 8802
42 25 6324
42 26 7257
42 27 6718
42 28 8323
42 29 6641
42 30 9825
42 31 7942
42 32 7921
42 33 7953
42 34 6444
42 35 8959
42 37 9882
42 38 7646
42 39 6205
42 40 7550
42 41 1
42 43 1
42 44 9059
42 45 9319
42 46 6873
42 47 6060
42 48 7338
42 49 9337
42 50 6034
42 51 7945
42 52 6079
42 53 8935
42 54 9572
42 55 9660
42 56 8237
42 57 8291
42 58 7424
42 59 8445
42 60 8401
42 61 9027
42 62 6150
42 63 9097
42 64 7993
42 65 8025
42 66 8389
42 67 9879
42 68 8111
42 69 6596
42 70 8792
42 71 7939
42 72 9242
42 73 6239
42 74 6923
42 75 9840
42 76 8180
42 77 6278
42 78 9480
42 79 6733
42 80 7592
42 81 9405
42 82 8464
42 83 8590
42 85 6754
42 86 6013
42 87 9549
42 88 8420
42 89 7726
42 90 8046
42 91 7436
42 92 7755
43 0 9154
43 1 6959
43 2 7689
43 3 8381
43 4 6615
43 5 8170
43 6 8166
43 7 9361
43 8 8712
43 9 8458
43 10 8614
43 11 8874
43 12 8697
43 13 7064
43 14 6577
43 15 9455
43 16 9602
43 17 7464
43 18 6963
43 19 7326
43 20 8416
43 21 8209
43 22 8951
43 23 8482
43 24 6916
43 25 7969
43 26 7365
43 27 6479
43 28 9976
43 29 8838
43 30 9972
43 32 7627
43 33 6630
43 34 9297
43 35 8709
43 36 6451
43 37 8168
43 38 6294
43 39 7815
43 40 9493
43 41 8754
43 42 1
43 44 1
43 45 8110
43 46 8980
43 47 7198
43 48 9382
43 49 9681
43 50 7159
43 51 8411
43 52 9895
43 53 7355
43 54 6930
43 55 8098
43 56 7304
43 57 6364
43 58 8683
43 59 8378
43 60 8801
43 61 7701
43 62 6629
43 63 8395
43 64 9541
43 65 9754
43 66 8623
43 67 6340
43 68 6513
43 69 9926
43 70 6407
43 71 7004
43 72 8391
43 73 8902
43 74 8097
43 76 9733
43 77 8649
43 78 7587
43 79 6811
43 80 7746
43 81 8708
43 82 9164
43 83 7700
43 84 7289
43 85 9324
43 86 6673
43 87 7702
43 88 7134
43 90 7731
43 91 7554
43 92 6160
44 0 7910
44 1 7193
44 2 6230
44 3 8186
44 4 9032
44 5 6644
44 6 7636
44 8 8150
44 9 9102
44 10 9226
44 11 6230
44 14 7819
44 15 7284
44 16 8765
44 17 7484
44 18 8252
44 20 8258
44 21 8549
44 22 9592
44 23 7920
44 24 7986
44 25 8035
44 26 6106
44 27 6429
44 28 9346
44 29 9260
44 30 8956
44 31 9800
44 32 6433
44 33 9466
44 34 8611
44 35 6513
44 36 8158
44 37 8933
44 38 7752
44 39 8556
44 40 8724
44 41 7546
44 42 6735
44 43 1
44 45 0
44 46 7376
44 47 6806
44 48 9384
44 49 7783
44 50 8150
44 51 9022
44 52 8223
44 53 8442
44 54 7025
44 55 6203
44 56 9555
44 57 9422
44 58 8028
44 59 6260
44 60 7514
44 61 8607
44 62 9077
44 63 9850
44 64 6026
44 65 6484
44 66 6634
44 67 6653
44 68 6865
44 69 6100
44 70 9771
44 71 8851
44 72 7064
44 73 9107
44 74 8972
44 75 7177
44 76 9591
44 77 7442
44 78 6746
44 79 6516
44 80 8797
44 81 8928
44 82 7794
44 83 7350
44 84 6181
44 85 8338
44 86 6931
44 87 9547
44 88 8501
44 89 8314
44 90 8481
44 91 8193
44 92 9028
45 0 6527
45 1 7519
45 2 8560
45 3 8893
45 4 6763
45 5 6437
45 6 7231
45 8 9248
45 9 6133
45 10 6248
45 11 6821
45 12 8029
45 13 9340
45 14 7570
45 15 7963
45 17 8864
45 18 9607
45 19 7224
45 20 6205
45 21 8135
45 22 9749
45 23 8246
45 24 8443
45 25 6823
45 26 9027
45 27 8329
45 28 7645
45 29 7501
45 30 8463
45 31 7605
45 32 8113
45 33 8957
45 34 6271
45 36 9068
45 37 7469
45 38 6014
45 39 7056
45 40 9826
45 41 6330
45 42 9445
45 43 9748
45 44 0
45 46 0
45 47 6010
45 48 7246
45 49 7254
45 50 7946
45 51 6124
45 52 6245
45 53 7651
45 54 8377
45 55 7203
45 56 7990
45 57 8118
45 58 6281
45 59 7954
45 60 9135
45 61 6128
45 62 9487
45 63 6626
45 64 9973
45 65 6458
45 66 6166
45 67 7735
45 69 9592
45 71 9309
45 72 7511
45 73 7584
45 74 6839
45 75 8649
45 76 8490
45 77 6466
45 79 6639
45 80 9695
45 81 9302
45 82 6109
45 83 7338
45 84 9533
45 85 6375
45 86 7907
45 87 8803
45 88 8282
45 89 8410
45 90 8265
45 91 6462
45 92 6016
46 0 6020
46 1 8282
46 2 8711
46 3 6185
46 4 6527
46 5 8086
46 6 7657
46 7 7977
46 8 6063
46 9 6717
46 10 9174
46 11 8010
46 12 8233
46 13 8036
46 14 6742
46 15 7753
46 16 6932
46 17 6294
46 18 8686
46 19 8783
46 20 6886
46 21 8257
46 22 6034
46 23 7664
46 24 8546
46 25 8448
46 26 6090
46 27 8458
46 28 6773
46 29 6442
46 30 6091
46 31 9655
46 32 7289
46 33 6090
46 34 7223
46 35 7697
46 36 7570
46 37 7253
46 38 8700
46 39 8055
46 40 8580
46 41 7112
46 42 7174
46 43 6080
46 44 8585
46 45 0
46 47 1
46 48 7501
46 49 8405
46 50 7266
46 51 6342
46 52 7029
46 53 6749
46 54 6544
46 55 9580
46 56 6932
46 57 9245
46 58 9605
46 59 9681
46 60 7943
46 61 8012
46 62 9625
46 63 7255
46 64 8222
46 65 6675
46 66 7528
46 67 6634
46 69 6935
46 70 8396
46 71 7049
46 72 8323
46 73 6482
46 74 9389
46 75 6106
46 76 7152
46 77 7464
46 78 8496
46 79 8670
46 80 8279
46 81 8521
46 82 7919
46 83 6864
46 84 6895
46 85 7963
46 87 7938
46 88 7874
46 89 8801
46 90 6500
46 91 6933
46 92 8289
47 0 7651
47 1 7662
47 2 6278
47 3 8264
47 4 7071
47 5 9042
47 6 7891
47 7 7286
47 8 9932
47 9 9125
47 10 8689
47 12 6923
47 13 9513
47 14 8660
47 15 9227
47 16 9954
47 17 8715
47 18 9145
47 19 6601
47 20 6429
47 21 10000
47 22 9136
47 23 7744
47 24 6339
47 25 6456
47 26 8277
47 27 6755
47 28 8788
47 29 7384
47 30 6661
47 31 7037
47 32 9701
47 33 7207
47 34 8107
47 35 7583
47 36 8849
47 37 8007
47 38 7896
47 39 9612
47 40 9534
47 41 7850
47 42 7777
47 43 6960
47 44 9831
47 45 9201
47 46 0
47 48 1
47 49 6455
47 51 7144
47 52 7995
47 53 8067
47 54 6778
47 55 6886
47 56 8651
47 57 7973
47 58 9459
47 59 8170
47 61 9079
47 62 9794
47 63 6752
47 64 6320
47 65 8995
47 67 9518
47 68 9371
47 69 9523
47 71 8471
47 72 6771
47 73 7734
47 74 6172
47 75 8256
47 76 6991
47 77 9125
47 78 6475
47 79 9340
47 80 8937
47 81 7724
47 82 8165
47 83 9260
47 85 8375
47 86 9858
47 87 9491
47 88 9259
47 89 9498
47 90 9272
47 91 8219
47 92 7722
48 0 8826
48 1 8209
48 2 7756
48 3 7240
48 4 6313
48 5 8736
48 6 8804
48 7 8959
48 8 9427
48 9 9050
48 10 9958
48 11 7317
48 12 6032
48 13 9569
48 14 9371
48 15 7966
48 16 7229
48 17 9180
48 18 6894
48 19 8801
48 20 9931
48 21 6771
48 22 6652
48 23 6660
48 24 6897
48 25 9400
48 26 7150
48 27 8944
48 28 8011
48 29 9526
48 30 7690
48 31 9878
48 33 8414
48 34 8040
48 35 6809
48 36 6534
48 37 7285
48 39 7937
48 40 9948
48 41 9838
48 42 8842
48 43 8027
48 44 9006
48 45 9809
48 46 8607
48 47 1
48 49 0
48 50 9552
48 51 6996
48 52 8264
48 53 7178
48 54 7909
48 55 9883
48 56 9822
48 57 9180
48 58 9060
48 59 6103
48 60 9589
48 61 9102
48 62 9059
48 63 6430
48 64 8548
48 65 7883
48 66 6807
48 67 8813
48 68 9758
48 69 6653
48 70 6433
48 71 7174
48 72 8325
48 73 7788
48 74 8730
48 75 8144
48 76 7236
48 77 8414
48 78 8317
48 79 7726
48 80 8707
48 82 6178
48 83 7369
48 84 9381
48 85 7852
48 86 7403
48 87 8725
48 88 7609
48 89 9717
48 90 6382
48 91 7411
48 92 6412
49 0 7706
49 1 7741
49 2 9180
49 3 6737
49 4 9855
49 5 8291
49 6 9147
49 7 7259
49 9 6012
49 10 8214
49 11 9424
49 12 7492
49 13 9993
49 14 7486
49 15 9435
49 16 7637
49 17 8206
49 18 9568
49 19 7428
49 20 9876
49 21 7278
49 22 6370
49 23 6747
49 24 8917
49 25 9656
49 26 7349
49 27 6728
49 28 7743
49 29 6734
49 30 7223
49 31 6911
49 32 6583
49 33 6244
49 34 6173
49 35 8401
49 36 8823
49 37 8685
49 38 8380
49 39 9286
49 40 7023
49 41 9273
49 42 7205
49 43 6566
49 44 8564
49 46 6581
49 47 9400
49 48 1
49 50 1
49 51 7377
49 52 6248
49 53 8978
49 54 8424
49 55 8428
49 56 9252
49 57 8145
49 58 6078
49 59 8203
49 60 9870
49 61 8239
49 62 6726
49 63 6194
49 65 6479
49 66 7113
49 67 7902
49 68 7385
49 69 9987
49 70 9519
49 71 8094
49 72 9827
49 73 9689
49 74 7831
49 75 6897
49 76 8669
49 78 8553
49 79 7055
49 80 7199
49 81 9387
49 82 8585
49 83 8298
49 84 7912
49 85 6129
49 86 9823
49 87 9802
49 88 8250
49 89 9463
49 90 6912
49 91 7134
49 92 9168
50 0 6052
50 1 8530
50 2 9570
50 3 8199
50 4 9023
50 5 6183
50 6 9789
50 7 7523
50 8 8008
50 9 8441
50 10 6481
50 11 6622
50 12 9112
50 13 9456
50 14 9098
50 15 6293
50 16 9993
50 17 8637
50 18 6513
50 19 7903
50 20 6654
50 21 7282
50 22 9002
50 23 8137
50 24 7967
50 25 8586
50 26 7758
50 27 8927
50 28 9515
50 29 8934
50 30 9194
50 31 7297
50 32 9831
50 33 6046
50 35 8451
50 36 8561
50 37 7137
50 38 9385
50 39 6761
50 40 9052
50 41 6801
50 42 6758
50 43 6573
50 44 9552
50 45 9270
50 46 9159
50 47 8441
50 48 6350
50 49 1
50 51 0
50 52 6577
50 53 6022
50 54 6217
50 55 6298
50 56 9573
50 57 8232
50 58 8769
50 59 8976
50 60 7045
50 61 9668
50 62 8195
50 63 9464
50 64 8279
50 65 6138
50 66 8801
50 67 7071
50 68 9436
50 69 7253
50 70 6875
50 71 9506
50 72 6703
50 73 9392
50 74 9354
50 75 8549
50 77 9620
50 78 6301
50 79 9431
50 81 7244
50 82 9352
50 83 9130
50 84 9153
50 85 6158
50 86 6211
50 87 9114
50 88 8294
50 89 7999
50 90 7236
50 91 6944
50 92 8700
51 0 9802
51 1 8015
51 2 6153
51 3 9656
51 4 8373
51 5 7267
51 6 6021
51 7 9372
51 8 6990
51 9 9357
51 10 8204
51 11 7084
51 12 7734
51 13 9841
51 14 6542
51 15 9359
51 16 7519
51 17 9463
51 18 9526
51 19 6354
51 20 6670
51 21 8535
51 22 8598
51 23 6391
51 24 6940
51 25 7918
51 26 9451
51 27 8118
51 28 8986
51 29 9509
51 30 7980
51 31 8565
51 32 9834
51 33 7612
51 34 9570
51 35 7528
51 36 6936
51 37 7835
51 38 8400
51 39 6890
51 41 7043
51 43 9469
51 44 8807
51 45 8274
51 46 6332
51 47 8929
51 48 6484
51 49 6085
51 50 0
51 52 1
51 53 9033
51 54 7989
51 55 6742
51 56 7896
51 57 7372
51 58 9353
51 59 8249
51 60 6612
51 61 9180
51 62 8208
51 63 8917
51 64 6330
51 65 8847
51 66 7101
51 67 9059
51 68 6666
51 69 8234
51 70 7432
51 71 6148
51 72 8996
51 73 7677
51 74 7819
51 75 9792
51 76 7290
51 77 9041
51 78 7462
51 79 7797
51 80 6640
51 81 9198
51 82 6737
51 83 6835
51 84 9665
51 85 9149
51 86 9366
51 87 9729
51 88 6840
51 89 9733
51 90 9459
51 91 6562
51 92 8084
52 0 8264
52 1 7422
52 3 7755
52 5 9279
52 6 6242
52 7 6761
52 8 6532
52 9 9633
52 10 8686
52 11 6520
52 12 9266
52 13 8244
52 14 6517
52 16 6672
52 18 7076
52 19 9779
52 20 7123
52 21 6410
52 22 7106
52 23 9871
52 24 9074
52 25 6192
52 26 6126
52 27 6314
52 28 9999
52 30 9176
52 31 7285
52 32 6005
52 33 6582
52 34 6874
52 35 6656
52 36 9625
52 37 7062
52 38 7340
52 39 7258
52 40 8849
52 41 7684
52 42 6062
52 43 7386
52 44 9300
52 45 9456
52 46 7480
52 47 8385
52 48 6475
52 49 7485
52 50 6276
52 51 0
52 53 0
52 54 8250
52 55 6189
52 56 8568
52 57 6529
52 58 9088
52 59 8092
52 61 7946
52 62 9039
52 63 8437
52 64 7586
52 65 8537
52 66 9316
52 67 7205
52 68 9041
52 69 7362
52 70 8223
52 71 8107
52 73 6131
52 74 9357
52 75 9361
52 76 6793
52 77 9287
52 78 9386
52 80 6606
52 82 8206
52 83 9501
52 84 6498
52 85 8745
52 86 8837
52 87 8747
52 88 7422
52 89 7668
52 90 6366
52 91 8654
52 92 9335
53 0 8778
53 1 7379
53 2 9407
53 3 8667
53 4 8648
53 5 9242
53 7 7627
53 8 8316
53 9 6351
53 10 7523
53 11 6906
53 12 8739
53 13 8780
53 15 9886
53 16 8616
53 17 7733
53 18 8428
53 19 8225
53 20 9468
53 21 7016
53 22 8000
53 24 7528
53 25 7026
53 26 8192
53 27 9952
53 28 7225
53 29 7962
53 30 8815
53 31 8826
53 32 6207
53 33 6242
53 34 6461
53 35 7774
53 36 9151
53 37 7369
53 38 9000
53 39 9564
53 40 8140
53 41 8589
53 42 7463
53 43 9395
53 44 8969
53 45 6061
53 47 7295
53 48 9682
53 49 7838
53 50 9640
53 51 9710
53 52 0
53 54 0
53 55 6727
53 56 6132
53 57 6212
53 58 8960
53 59 6286
53 60 7545
53 62 7282
53 63 9622
53 64 9909
53 65 8046
53 67 9698
53 68 8577
53 69 9376
53 70 8910
53 71 8811
53 72 8326
53 73 8588
53 74 9357
53 75 6544
53 76 6565
53 77 8244
53 78 8522
53 79 9048
53 80 8460
53 81 9005
53 82 6446
53 83 8083
53 84 7392
53 85 8351
53 86 8043
53 87 7201
53 88 6550
53 89 9805
53 90 7083
53 91 6320
53 92 6872
54 0 8718
54 1 8432
54 2 6836
54 3 9807
54 4 6705
54 5 7944
54 6 8654
54 7 9853
54 8 8457
54 9 6053
54 10 9365
54 11 8829
54 12 8654
54 13 8379
54 14 7783
54 15 8020
54 16 8983
54 17 6727
54 18 7762
54 19 8455
54 20 7332
54 21 7184
54 22 8262
54 23 7748
54 24 8407
54 25 9294
54 26 9336
54 27 7185
54 28 7386
54 29 7059
54 30 7974
54 31 9723
54 33 8098
54 34 9840
54 35 7763
54 36 6854
54 37 7967
54 38 7373
54 39 9518
54 40 8002
54 41 7200
54 42 9385
54 43 9334
54 44 6104
54 45 6475
54 46 9974
54 47 9079
54 48 8768
54 49 9327
54 50 6061
54 51 9097
54 52 9006
54 53 1
54 55 0
54 56 6746
54 57 9967
54 58 9588
54 59 8724
54 60 8649
54 61 9132
54 62 9009
54 63 9433
54 64 6760
54 65 7267
54 66 9112
54 67 9117
54 69 7773
54 70 7246
54 71 6062
54 72 9233
54 73 6564
54 74 8592
54 75 8455
54 76 8909
54 77 6323
54 78 8162
54 79 8233
54 80 6595
54 81 9217
54 82 6636
54 83 6450
54 84 8486
54 85 8951
54 86 6699
54 87 7981
54 88 7465
54 89 6906
54 90 7955
54 91 7741
54 92 9205
55 1 7966
55 2 7834
55 3 8194
55 5 7420
55 6 6068
55 7 9356
55 8 6534
55 9 9657
55 10 9775
55 11 7240
55 12 6839
55 13 7211
55 14 9975
55 15 6770
55 16 6033
55 17 9252
55 19 9076
55 20 9348
55 21 7937
55 22 9894
55 23 8043
55 25 7355
55 26 8561
55 27 8339
55 28 7470
55 29 6820
55 30 8836
55 31 9692
55 32 8776
55 33 6552
55 34 7904
55 35 6829
55 38 7072
55 39 7678
55 40 8462
55 41 8056
55 45 8827
55 46 6089
55 47 6450
55 48 6665
55 49 7952
55 50 9841
55 51 6837
55 52 9707
55 53 8988
55 54 0
55 56 0
55 57 8841
55 58 8873
55 59 9173
55 60 6076
55 61 8343
55 62 9279
55 63 7539
55 64 6391
55 65 7492
55 66 9462
55 67 8395
55 68 6914
55 69 6596
55 70 8627
55 71 7000
55 72 6478
55 73 6244
55 74 9396
55 75 8772
55 76 7451
55 77 6674
55 78 6428
55 79 8081
55 80 6394
55 81 9100
55 82 7309
55 83 6442
55 84 7076
55 85 6337
55 86 6388
55 87 6566
55 88 9975
55 89 9888
55 90 9305
55 91 6170
55 92 9719
56 1 8638
56 2 7505
56 3 9835
56 4 9512
56 5 8743
56 6 7121
56 8 7703
56 9 6234
56 10 9674
56 11 6043
56 12 7239
56 13 8643
56 14 6695
56 15 6478
56 16 6936
56 17 9848
56 18 7489
56 19 8010
56 20 8017
56 21 8668
56 23 9409
56 24 9333
56 25 6717
56 26 6073
56 27 8255
56 28 7587
56 29 6544
56 30 8589
56 31 9313
56 32 7237
56 33 7313
56 34 6555
56 35 8141
56 36 6085
56 37 7048
56 38 6483
56 39 7412
56 40 7048
56 41 9579
56 42 6310
56 43 9330
56 44 7320
56 45 8318
56 46 9848
56 47 7591
56 48 8046
56 49 8358
56 50 8551
56 51 8995
56 52 9433
56 53 8410
56 54 8057
56 55 0
56 57 1
56 58 6991
56 59 9525
56 60 9614
56 61 7302
56 62 8496
56 63 9751
56 64 8269
56 65 7807
56 66 8305
56 67 6478
56 68 7362
56 69 7483
56 70 9465
56 71 8861
56 72 9211
56 73 9722
56 74 9627
56 75 7674
56 77 9372
56 78 9903
56 79 6645
56 80 8170
56 81 8409
56 82 8218
56 83 8357
56 84 6490
56 85 6077
56 86 7593
56 87 6859
56 88 6784
56 89 9137
56 90 9861
56 91 9793
57 0 7812
57 1 9013
57 2 7317
57 3 9084
57 4 8082
57 5 6261
57 6 6865
57 7 6425
57 8 8464
57 9 9285
57 10 7340
57 11 6126
57 12 7355
57 13 8414
57 14 7025
57 15 7532
57 16 6196
57 17 9561
57 18 7194
57 19 6460
57 20 7635
57 21 6541
57 22 9153
57 23 7565
57 24 8016
57 25 8068
57 26 7331
57 27 8532
57 28 7464
57 29 6201
57 30 8076
57 31 6787
57 32 8976
57 33 8621
57 34 7677
57 35 9191
57 36 9686
57 38 9615
57 39 7713
57 40 9475
57 41 8606
57 42 7550
57 44 6938
57 45 7494
57 46 7837
57 47 9568
57 48 9996
57 49 6781
57 50 9357
57 52 6607
57 53 8869
57 54 8242
57 55 6979
57 56 1
57 58 1
57 60 9585
57 61 6407
57 62 9824
57 63 9652
57 64 9610
57 65 9484
57 66 7706
57 68 7382
57 69 6648
57 70 8968
57 71 9554
57 72 6935
57 73 9952
57 74 8085
57 75 6385
57 76 6716
57 78 9073
57 79 7656
57 80 8056
57 81 7657
57 82 8568
57 83 7114
57 84 6619
57 85 7686
57 86 7676
57 87 6759
57 88 9203
57 89 9870
57 90 8641
57 91 8710
57 92 8654
58 0 8236
58 1 9480
58 2 7904
58 3 8968
58 4 8175
58 5 8133
58 6 6803
58 7 7349
58 8 6976
58 9 6667
58 10 8923
58 11 7463
58 12 7646
58 13 8027
58 14 7308
58 15 6492
58 16 7965
58 17 6479
58 18 7211
58 19 7793
58 20 6372
58 21 7976
58 22 9111
58 23 7513
58 24 8146
58 26 7263
58 27 9871
58 29 8010
58 31 6790
58 32 9701
58 33 9129
58 34 7522
58 36 8608
58 37 6363
58 39 8575
58 40 8897
58 41 7576
58 42 7889
58 43 9349
58 44 8842
58 45 7877
58 46 7911
58 47 8992
58 48 8027
58 49 7857
58 50 7929
58 51 9582
58 52 6517
58 53 8691
58 54 6946
58 55 8905
58 56 6622
58 57 1
58 59 1
58 60 7467
58 61 8595
58 62 8320
58 63 9678
58 64 6186
58 65 6171
58 66 8694
58 67 7287
58 68 7567
58 69 10000
58 70 7843
58 71 8346
58 72 8834
58 73 9184
58 74 7241
58 75 6302
58 76 6660
58 77 7131
58 78 9792
58 79 9257
58 80 7082
58 81 9658
58 83 6534
58 84 8011
58 85 7003
58 87 6273
58 88 8730
58 90 9501
58 91 8969
58 92 6668
59 1 6084
59 2 6051
59 3 6663
59 6 6030
59 7 6629
59 8 6995
59 9 8926
59 10 6229
59 11 6426
59 12 9631
59 13 8972
59 14 7196
59 15 8279
59 16 6853
59 17 6646
59 18 8526
59 19 8681
59 20 9150
59 21 9345
59 23 7903
59 25 9240
59 26 9005
59 27 9213
59 28 6996
59 29 7898
59 30 7611
59 31 9021
59 32 6503
59 33 8592
59 34 6159
59 35 9024
59 36 8387
59 38 9030
59 39 7911
59 40 8319
59 41 6707
59 42 8423
59 43 9930
59 44 8849
59 45 9014
59 46 6159
59 47 8489
59 48 6879
59 49 7455
59 50 6736
59 51 8540
59 52 7748
59 53 8123
59 54 7306
59 55 9622
59 56 9855
59 57 8654
59 58 1
59 60 0
59 61 7934
59 62 8481
59 64 6641
59 65 9444
59 66 8767
59 67 7787
59 68 6115
59 69 6263
59 70 6485
59 71 6811
59 72 8958
59 73 7470
59 74 9885
59 75 7963
59 76 8123
59 77 9756
59 79 6122
59 80 7531
59 81 8009
59 82 7841
59 83 8231
59 84 6879
59 85 7708
59 86 7455
59 87 8481
59 88 8224
59 89 6231
59 90 6495
59 91 8876
59 92 7488
60 0 6228
60 1 6639
60 2 8215
60 3 7018
60 4 8372
60 5 9350
60 6 9053
60 7 7521
60 8 9463
60 9 8367
60 10 9704
60 11 9486
60 12 8164
60 13 7752
60 14 6228
60 15 6123
60 16 6582
60 17 7288
60 19 6070
60 20 9327
60 21 9668
60 22 8627
60 23 7566
60 24 7949
60 25 9354
60 26 7781
60 27 9296
60 28 6960
60 29 8252
60 30 7457
60 31 9736
60 32 7100
60 33 9396
60 34 9047
60 35 6261
60 36 8474
60 37 9454
60 38 7747
60 39 6796
60 40 8837
60 41 6547
60 42 6135
60 43 9345
60 44 6770
60 45 8383
60 46 6696
60 47 8816
60 48 6986
60 49 8747
60 50 8187
60 51 9756
60 52 8269
60 53 6091
60 54 7610
60 55 7480
60 56 9089
60 57 6485
60 58 6661
60 59 1
60 61 1
60 62 6626
60 63 7835
60 64 6738
60 65 7907
60 66 9663
60 67 6807
60 68 6790
60 69 8867
60 70 6150
60 71 8172
60 72 7152
60 73 9090
60 74 6600
60 75 8694
60 76 8668
60 77 8916
60 78 9800
60 79 9398
60 80 6976
60 81 8261
60 82 7995
60 83 8589
60 84 9445
60 85 6812
60 86 8274
60 87 9996
60 88 7895
60 89 8809
60 90 9250
60 91 6563
60 92 9607
61 0 9963
61 1 9217
61 2 8273
61 3 8023
61 4 7650
61 5 9914
61 6 8616
61 7 8404
61 8 7860
61 9 8499
61 10 7312
61 11 7979
61 12 8016
61 13 9584
61 14 6315
61 15 7833
61 16 7687
61 17 9342
61 18 9651
61 19 8959
61 20 9044
61 21 9692
61 22 8402
61 23 8464
61 24 6277
61 25 9729
61 26 9319
61 27 6604
61 28 8364
61 29 8858
61 30 6514
61 32 9099
61 33 9841
61 34 6477
61 35 7956
61 36 9059
61 37 9913
61 38 8604
61 39 8239
61 40 6475
61 41 8228
61 42 7136
61 43 6956
61 44 7278
61 45 9455
61 46 9416
61 47 7240
61 48 6267
61 49 7785
61 50 8601
61 51 7328
61 52 7781
61 53 7905
61 54 10000
61 55 9732
61 56 7318
61 57 7261
61 58 6400
61 59 7623
61 60 0
61 62 1
61 63 6732
61 64 8197
61 65 6787
61 66 8124
61 69 8501
61 70 7581
61 71 8001
61 72 7535
61 73 7264
61 74 7650
61 75 8226
61 76 8110
61 77 6280
61 78 6710
61 79 8703
61 80 6031
61 81 6896
61 82 7336
61 83 6565
61 84 7942
61 85 8039
61 86 6594
61 87 8665
61 88 6367
61 89 8002
61 90 8191
61 91 6277
61 92 8717
62 0 8850
62 2 9665
62 3 6465
62 4 6502
62 5 6144
62 6 8268
62 7 6687
62 8 7272
62 9 6248
62 10 7243
62 11 8997
62 12 6645
62 13 6276
62 14 6110
62 15 7172
62 16 7007
62 17 8058
62 19 7744
62 20 6828
62 21 7518
62 22 9696
62 24 7110
62 25 8084
62 26 6270
62 28 7125
62 29 6630
62 30 6393
62 31 8387
62 32 8701
62 33 7168
62 34 8585
62 35 6831
62 36 8454
62 37 7708
62 38 6907
62 39 7759
62 40 8822
62 41 8811
62 43 7059
62 44 9661
62 45 6513
62 46 7868
62 47 6290
62 48 6377
62 49 6915
62 50 6398
62 51 8417
62 52 9834
62 54 6895
62 55 8632
62 56 6632
62 57 9581
62 59 8485
62 60 6307
62 61 0
62 63 1
62 64 6513
62 65 8514
62 66 6722
62 67 7313
62 68 6942
62 69 9852
62 70 8228
62 71 9576
62 72 7128
62 73 8179
62 74 8911
62 75 9500
62 76 7771
62 77 7726
62 78 6285
62 79 8695
62 80 7912
62 81 9720
62 82 8518
62 83 6922
62 84 6458
62 86 8910
62 87 9137
62 88 7975
62 89 7088
62 90 7063
62 91 8518
62 92 9735
63 0 8127
63 1 6638
63 2 9739
63 3 8921
63 4 6813
63 5 6094
63 6 7041
63 7 6842
63 8 6853
63 9 9361
63 10 8893
63 11 7646
63 12 6659
63 13 9610
63 14 8648
63 15 6504
63 16 6875
63 17 7023
63 18 8588
63 19 8614
63 20 6701
63 21 7848
63 22 6156
63 23 6154
63 24 6291
63 25 9639
63 26 6285
63 27 7075
63 28 6954
63 29 7161
63 30 9602
63 31 7128
63 34 9888
63 35 9964
63 36 6944
63 37 6355
63 38 9836
63 39 6889
63 40 8653
63 41 7929
63 42 6320
63 43 8334
63 44 8883
63 45 9780
63 46 6022
63 47 9451
63 48 6442
63 49 8234
63 50 8611
63 51 6604
63 52 8437
63 53 9313
63 54 8887
63 56 6384
63 57 9725
63 58 7868
63 59 6094
63 60 7818
63 61 6231
63 62 1
63 64 1
63 65 7997
63 66 6791
63 67 7653
63 68 7081
63 69 9888
63 70 9232
63 71 7119
63 72 8384
63 73 8700
63 74 9692
63 75 8153
63 76 8405
63 77 6630
63 79 7741
63 80 9494
63 81 9713
63 82 6134
63 83 9053
63 84 7266
63 85 9372
63 86 7787
63 87 8856
63 88 9335
63 89 8273
63 90 9094
63 91 9926
63 92 6890
64 0 7717
64 1 6797
64 2 6410
64 3 7766
64 4 6530
64 5 9582
64 6 9988
64 7 7830
64 8 8273
64 9 8280
64 10 8975
64 11 9077
64 12 8093
64 13 8762
64 14 8649
64 15 9109
64 16 7284
64 17 6701
64 18 6564
64 19 6521
64 20 6836
64 21 6454
64 22 6702
64 23 7383
64 24 8655
64 25 6120
64 26 8423
64 27 6415
64 28 8662
64 29 9378
64 30 6335
64 31 7462
64 32 9473
64 33 8312
64 35 7208
64 37 8531
64 38 6507
64 39 8870
64 40 9125
64 41 7055
64 42 9388
64 43 9778
64 44 9879
64 45 9368
64 46 8152
64 47 9078
64 48 6979
64 49 9047
64 51 9420
64 52 8114
64 53 6040
64 54 9770
64 55 6971
64 56 8207
64 57 6026
64 58 8344
64 59 6055
64 60 6286
64 61 7404
64 62 9777
64 63 1
64 65 0
64 66 9430
64 67 8489
64 68 6393
64 69 6071
64 70 8944
64 71 7127
64 72 7232
64 73 6710
64 75 8166
64 76 9131
64 77 7436
64 78 9230
64 79 9611
64 80 7155
64 81 8781
64 82 9617
64 83 7594
64 84 8695
64 85 9554
64 86 7698
64 87 9189
64 88 9066
64 90 8732
64 91 8720
64 92 7803
65 0 7299
65 2 7466
65 3 7781
65 4 6256
65 5 6964
65 6 8903
65 7 8247
65 8 9160
65 9 9278
65 10 9480
65 11 8693
65 12 7888
65 13 8933
65 14 9723
65 15 7589
65 16 9014
65 17 7716
65 18 6977
65 20 7906
65 21 9152
65 22 6601
65 23 9901
65 24 7699
65 25 8350
65 26 8038
65 27 9108
65 28 6624
65 29 7686
65 30 6241
65 31 7719
65 32 7858
65 33 9961
65 34 6906
65 35 7874
65 37 8904
65 38 7825
65 39 8076
65 40 8354
65 41 6273
65 42 6370
65 43 6809
65 44 6037
65 46 7403
65 48 9215
65 49 7092
65 50 8556
65 51 9433
65 52 9908
65 53 7430
65 54 6968
65 55 7671
65 56 6180
65 57 7372
65 58 8215
65 59 8176
65 60 9242
65 61 7545
65 62 7480
65 63 7430
65 64 1
65 66 0
65 67 8385
65 68 7908
65 69 7396
65 70 7644
65 72 8232
65 73 8851
65 74 6908
65 75 6228
65 76 7195
65 77 7795
65 78 8467
65 79 9829
65 80 6900
65 81 9622
65 82 9448
65 83 7437
65 84 7607
65 85 7116
65 86 6042
65 87 7522
65 88 7177
65 89 9281
65 90 7551
65 92 9574
66 0 9601
66 1 8432
66 2 8034
66 3 9771
66 4 7925
66 5 7072
66 6 8985
66 7 9652
66 8 6973
66 9 8832
66 10 6801
66 11 6070
66 13 8723
66 14 9027
66 15 8428
66 16 8681
66 17 6194
66 18 9089
66 19 9686
66 20 8732
66 22 6722
66 23 9066
66 24 8378
66 25 8823
66 26 9866
66 27 8456
66 28 7938
66 29 8852
66 30 7026
66 31 7116
66 32 8935
66 33 9786
66 34 9434
66 35 6859
66 36 7909
66 37 8355
66 38 6354
66 39 6174
66 40 7666
66 41 7979
66 42 6493
66 43 9911
66 44 8591
66 45 6084
66 46 7649
66 47 7718
66 48 8658
66 49 9998
66 50 6586
66 51 6515
66 52 9686
66 53 6866
66 54 8598
66 56 7534
66 57 6008
66 58 7444
66 59 9302
66 60 7242
66 61 9584
66 62 7922
66 63 7320
66 64 6419
66 65 1
66 67 1
66 68 7697
66 69 9044
66 70 8769
66 72 8461
66 73 7797
66 74 6293
66 75 8803
66 76 8382
66 77 8844
66 78 8585
66 79 7259
66 80 7252
66 81 6969
66 82 7599
66 83 6005
66 85 9777
66 86 9086
66 87 8039
66 88 8927
66 89 6334
66 90 9612
66 91 9157
66 92 6689
67 0 8357
67 1 8698
67 2 6801
67 3 9289
67 4 8234
67 5 9770
67 6 7041
67 7 9705
67 8 9960
67 9 8357
67 10 8236
67 11 9217
67 12 6522
67 14 9620
67 15 7259
67 16 7406
67 17 6705
67 18 8859
67 19 8663
67 20 7681
67 21 9405
67 22 6257
67 23 7572
67 24 9981
67 26 7593
67 27 8493
67 28 7327
67 29 7150
67 30 8576
67 31 9479
67 32 6485
67 33 7158
67 34 6886
67 36 9651
67 37 8900
67 38 9196
67 39 8828
67 40 7765
67 41 7050
67 42 9401
67 43 6362
67 44 7427
67 45 6590
67 46 8092
67 47 9710
67 48 6205
67 49 6077
67 50 8080
67 51 9246
67 52 8981
67 53 9643
67 54 6404
67 56 9510
67 57 6064
67 58 6049
67 60 9058
67 61 8171
67 62 9008
67 63 7697
67 64 6757
67 65 8935
67 66 1
67 68 1
67 70 7250
67 71 7852
67 73 6927
67 74 6976
67 75 7255
67 76 8796
67 77 8728
67 78 7849
67 79 8650
67 80 9481
67 81 9887
67 82 8481
67 83 9574
67 84 9054
67 85 9668
67 86 7788
67 87 7965
67 88 7519
67 90 8076
67 91 9765
67 92 6418
68 0 7175
68 1 6554
68 2 6681
68 3 6100
68 4 9607
68 5 6658
68 7 7792
68 8 6414
68 9 6984
68 10 8515
68 11 7583
68 12 6987
68 13 8072
68 16 8303
68 17 7938
68 18 9834
68 19 7681
68 20 8618
68 21 7138
68 22 8974
68 23 8727
68 24 6664
68 25 9256
68 26 7957
68 27 9656
68 28 9328
68 29 6707
68 30 8956
68 32 6457
68 33 6519
68 34 8446
68 35 6039
68 36 8965
68 37 6754
68 38 7171
68 39 9688
68 40 8269
68 41 8839
68 42 9522
68 43 6974
68 44 9405
68 45 7323
68 46 6415
68 47 7750
68 48 8813
68 49 9791
68 50 7496
68 51 9109
68 52 9111
68 53 6277
68 54 6476
68 55 7540
68 56 7938
68 57 8238
68 58 9547
68 60 9186
68 61 8695
68 63 9270
68 64 8517
68 65 9055
68 66 7927
68 67 0
68 69 1
68 70 8707
68 71 7435
68 72 9252
68 73 9677
68 74 8315
68 75 9609
68 76 8177
68 77 7133
68 78 6700
68 79 7926
68 80 9230
68 81 8339
68 82 8277
68 83 7616
68 84 6685
68 85 7333
68 86 9396
68 87 7097
68 88 6230
68 89 8713
68 90 8139
68 91 7197
68 92 9994
69 0 6918
69 1 9031
69 2 7199
69 3 7605
69 4 8231
69 5 6217
69 6 8380
69 7 6618
69 8 7906
69 9 9276
69 10 7697
69 11 9517
69 12 6722
69 13 7992
69 14 7804
69 15 9314
69 16 9165
69 17 6839
69 18 7503
69 19 9742
69 20 8533
69 21 9408
69 22 9136
69 23 8808
69 24 9966
69 25 9461
69 26 7840
69 27 8026
69 28 8084
69 30 6145
69 31 6918
69 32 6213
69 33 6649
69 34 8049
69 35 7776
69 36 9666
69 37 6729
69 38 9045
69 39 8860
69 40 6182
69 41 7101
69 42 8815
69 43 7729
69 44 8156
69 45 6607
69 46 8185
69 47 9232
69 48 7338
69 49 7610
69 50 6106
69 51 9417
69 52 6852
69 53 8361
69 54 9573
69 55 7512
69 56 8759
69 57 7615
69 58 7326
69 59 9271
69 60 7301
69 61 6723
69 62 8588
69 63 6170
69 64 6170
69 65 8103
69 67 6433
69 68 1
69 70 1
69 71 6479
69 72 9146
69 73 7464
69 74 9913
69 75 6572
69 76 6921
69 77 8119
69 78 9324
69 80 8520
69 81 8101
69 82 8140
69 83 7917
69 84 7896
69 85 6828
69 86 7718
69 87 6467
69 88 7755
69 89 7753
69 90 6810
69 91 7509
69 92 7908
70 0 7090
70 1 9550
70 2 9197
70 3 9489
70 4 6700
70 5 7837
70 6 6356
70 7 8192
70 8 9853
70 9 8674
70 10 6934
70 11 8515
70 12 6344
70 13 9202
70 14 6601
70 15 7703
70 16 8354
70 17 8443
70 18 9528
70 19 6775
70 20 6736
70 21 7755
70 22 9916
70 23 6710
70 25 9473
70 26 8959
70 27 6344
70 28 7934
70 29 9560
70 30 6667
70 31 9985
70 32 8394
70 33 8602
70 35 8596
70 36 9052
70 37 9976
70 38 6535
70 39 8835
70 40 6606
70 41 9107
70 42 9223
70 43 6192
70 44 8167
70 45 6138
70 46 6478
70 47 8414
70 48 8282
70 49 9109
70 50 9154
70 52 8544
70 53 7031
70 54 9913
70 55 7913
70 56 6743
70 57 9120
70 58 9627
70 59 9139
70 60 7505
70 61 6428
70 62 9187
70 63 6080
70 64 8081
70 65 6300
70 66 9091
70 67 6318
70 68 8477
70 69 1
70 71 1
70 72 6883
70 74 6708
70 75 6793
70 76 9498
70 77 7076
70 78 9652
70 79 9716
70 80 7881
70 81 7522
70 82 7830
70 83 7333
70 84 8307
70 85 6818
70 86 9863
70 87 6068
70 88 7267
70 89 6933
70 90 8173
70 91 8151
70 92 9126
71 0 6383
71 1 9188
71 2 9964
71 3 7314
71 4 8066
71 5 8627
71 6 6411
71 7 6082
71 8 6487
71 9 8532
71 10 7784
71 11 8334
71 12 9881
71 13 7126
71 14 8638
71 15 9749
71 16 6502
71 17 8015
71 18 8952
71 19 8885
71 20 8487
71 21 9460
71 23 7315
71 24 7237
71 25 6823
71 26 9808
71 27 6002
71 28 6808
71 29 6919
71 30 9160
71 31 7454
71 32 8690
71 33 7313
71 34 9483
71 35 7177
71 36 9454
71 37 8353
71 38 7804
71 39 9472
71 40 8159
71 41 8202
71 42 6564
71 43 9698
71 44 9479
71 45 7807
71 47 6614
71 48 8291
71 49 9503
71 50 9025
71 51 8175
71 52 7155
71 53 6799
71 54 6529
71 55 7361
71 56 9375
71 57 6002
71 58 8596
71 59 7192
71 60 8289
71 61 6509
71 62 6716
71 63 6664
71 64 8428
71 65 9826
71 66 8047
71 67 9580
71 68 8113
71 69 7657
71 70 1
71 72 1
71 73 8688
71 74 7985
71 75 8876
71 76 6303
71 77 6789
71 78 9201
71 79 7566
71 80 9264
71 81 6916
71 83 6771
71 84 9300
71 85 9458
71 86 6497
71 87 9992
71 88 6721
71 89 6214
71 90 9721
71 91 9119
71 92 9856
72 1 8725
72 4 9320
72 5 7164
72 6 9228
72 7 8809
72 8 6277
72 9 8224
72 10 6254
72 11 9688
72 12 7113
72 13 8951
72 14 7008
72 15 6454
72 16 6252
72 17 9813
72 18 8532
72 19 7806
72 20 9705
72 21 8266
72 22 8862
72 23 8310
72 24 8641
72 25 8933
72 26 9238
72 27 6046
72 28 6373
72 29 7742
72 30 8486
72 31 8558
72 32 9684
72 33 8090
72 34 7341
72 35 9517
72 36 8109
72 37 7487
72 38 9372
72 40 6882
72 42 7985
72 43 7480
72 44 7702
72 45 9388
72 46 9230
72 47 8223
72 48 6679
72 49 6942
72 50 8146
72 51 8731
72 52 7549
72 53 7337
72 54 6512
72 55 6390
72 56 6348
72 57 9730
72 58 7670
72 59 7317
72 60 9054
72 61 6009
72 63 7297
72 64 9528
72 65 8480
72 66 7278
72 67 6910
72 68 7909
72 69 8135
72 70 9236
72 71 1
72 73 1
72 74 8962
72 75 9342
72 77 8225
72 78 6854
72 79 7724
72 80 7771
72 81 7742
72 82 7380
72 83 8777
72 84 6375
72 85 8224
72 86 8465
72 87 9709
72 88 7914
72 89 6042
72 90 9180
72 91 7553
72 92 9967
73 0 7834
73 1 7664
73 3 7052
73 4 7586
73 5 6859
73 6 6191
73 7 8902
73 8 9940
73 9 7393
73 10 9868
73 11 6751
73 12 7349
73 13 6616
73 14 9879
73 15 8662
73 16 6879
73 17 9073
73 18 8172
73 19 9501
73 20 7415
73 21 8440
73 22 7239
73 23 6794
73 24 9950
73 25 6270
73 26 6950
73 27 8814
73 28 7791
73 29 6530
73 30 6472
73 31 9894
73 32 7102
73 33 6476
73 36 8593
73 38 6585
73 39 6836
73 40 8161
73 41 7424
73 42 8770
73 43 8500
73 44 7301
73 45 9670
73 46 9160
73 47 9067
73 48 8067
73 49 8793
73 50 7800
73 51 6905
73 52 6568
73 54 7595
73 55 7164
73 56 9998
73 57 9601
73 58 7105
73 59 7155
73 60 8695
73 61 9989
73 62 8126
73 63 8474
73 64 9429
73 65 8431
73 66 7878
73 67 9565
73 68 8417
73 69 7337
73 70 9333
73 71 8330
73 72 0
73 74 0
73 75 8854
73 76 9077
73 77 7547
73 78 6065
73 79 9387
73 80 7054
73 81 6816
73 82 6176
73 83 8298
73 84 8243
73 85 8567
73 86 7956
73 87 8263
73 88 6312
73 89 6570
73 90 6736
73 91 7743
73 92 9244
74 0 6182
74 1 9953
74 2 6497
74 3 9813
74 4 9264
74 5 6959
74 6 6289
74 7 9678
74 8 8215
74 9 6201
74 10 7419
74 11 6544
74 12 6879
74 13 6662
74 14 7687
74 15 9437
74 16 6784
74 17 6198
74 18 6982
74 20 6100
74 21 8297
74 22 6174
74 23 9550
74 24 8723
74 25 7818
74 26 6972
74 27 7550
74 28 8385
74 29 8428
74 30 9466
74 32 8497
74 33 9542
74 34 8755
74 35 9618
74 36 9402
74 37 6638
74 38 7682
74 39 9385
74 40 6293
74 41 8547
74 42 7643
74 43 9293
74 44 7202
74 45 9122
74 46 6123
74 47 6896
74 48 6987
74 50 6963
74 51 9715
74 52 8984
74 53 9932
74 54 9007
74 55 6355
74 56 9399
74 58 8558
74 59 6699
74 60 7841
74 61 7486
74 62 6919
74 63 8208
74 64 6001
74 65 8664
74 66 9555
74 67 9187
74 68 9970
74 69 7318
74 70 8433
74 71 6953
74 72 6827
74 73 0
74 75 1
74 76 9986
74 77 7974
74 78 8340
74 79 7563
74 80 6455
74 81 7628
74 83 9251
74 84 6150
74 85 8578
74 86 6058
74 87 6962
74 88 6107
74 89 7386
74 90 7809
74 91 9292
74 92 7179
75 0 7354
75 1 9006
75 2 6747
75 3 7851
75 4 9225
75 5 8446
75 6 8575
75 7 9706
75 8 6903
75 9 6863
75 10 7096
75 11 9650
75 12 9189
75 13 8995
75 14 7037
75 15 9204
75 16 8894
75 17 8182
75 18 9559
75 19 9388
75 20 8536
75 21 6234
75 22 7023
75 23 9355
75 24 9415
75 25 7261
75 26 9894
75 27 6349
75 28 7742
75 30 6179
75 32 7740
75 33 9360
75 34 6915
75 35 6495
75 36 7781
75 37 8895
75 38 7142
75 39 8268
75 40 7066
75 41 7395
75 42 8182
75 43 7163
75 44 8319
75 45 9404
75 46 6556
75 47 9995
75 48 8804
75 49 6736
75 50 6582
75 51 9405
75 52 6694
75 53 9174
75 54 7155
75 55 8197
75 57 8584
75 58 8543
75 59 6574
75 60 8822
75 61 8122
75 62 7774
75 63 7021
75 64 9643
75 65 9026
75 66 7174
75 67 6425
75 68 8987
75 69 7782
75 70 9449
75 71 6096
75 72 9525
75 73 9114
75 74 0
75 76 1
75 77 9433
75 78 9105
75 79 9156
75 80 8060
75 81 6443
75 82 8414
75 83 6377
75 84 9514
75 86 9532
75 87 6122
75 88 6944
75 89 9115
75 90 7023
75 91 6190
75 92 7960
76 0 6453
76 1 9401
76 2 9297
76 3 7784
76 4 6948
76 5 9341
76 6 6237
76 7 9930
76 8 9729
76 9 7269
76 10 6927
76 11 8530
76 12 7970
76 13 7189
76 14 9424
76 15 6495
76 16 9570
76 17 8704
76 18 9057
76 19 8901
76 20 9286
76 22 8566
76 23 7391
76 24 7812
76 25 7135
76 26 6630
76 27 8188
76 28 9155
76 29 6480
76 30 7021
76 32 8636
76 33 6285
76 34 9976
76 35 6908
76 36 6111
76 37 6458
76 38 6455
76 39 6614
76 40 6810
76 41 9951
76 42 6566
76 43 8401
76 44 9353
76 45 8685
76 46 7170
76 47 7837
76 48 9339
76 49 8542
76 50 8415
76 51 6807
76 52 7519
76 53 9431
76 54 8661
76 55 7155
76 56 7496
76 57 9683
76 58 9714
76 59 7001
76 61 7140
76 62 7035
76 63 8299
76 64 7991
76 65 8356
76 66 6199
76 67 6143
76 68 6981
76 69 8844
76 70 6044
76 71 7828
76 72 6087
76 73 9737
76 74 8358
76 75 1
76 77 0
76 78 7372
76 79 8926
76 80 7753
76 81 7177
76 82 7798
76 83 7431
76 84 6655
76 85 7829
76 86 8591
76 87 6363
76 88 7906
76 89 7997
76 90 8566
76 91 8903
76 92 7211
77 0 7527
77 1 6039
77 2 8277
77 3 6867
77 4 8753
77 5 8845
77 7 7944
77 8 9169
77 9 9145
77 10 9009
77 11 8043
77 12 8795
77 13 9490
77 14 7572
77 15 6767
77 16 7971
77 17 8319
77 18 6947
77 19 6075
77 20 8827
77 21 7225
77 22 6773
77 24 8572
77 25 7467
77 27 8765
77 29 9459
77 30 9143
77 31 9389
77 32 8809
77 33 7668
77 34 9356
77 35 8853
77 36 8103
77 37 6930
77 38 6014
77 39 9369
77 40 6176
77 41 9598
77 42 9023
77 43 9799
77 44 9504
77 45 6664
77 46 7697
77 47 9009
77 48 8849
77 49 7635
77 50 6823
77 51 6158
77 52 6490
77 53 8836
77 54 9914
77 55 6975
77 56 9571
77 57 7571
77 58 8104
77 59 6440
77 60 9487
77 61 8217
77 62 9593
77 63 7379
77 64 8432
77 65 8310
77 66 6601
77 67 8659
77 68 9394
77 69 6216
77 70 6626
77 71 7943
77 72 8586
77 73 8069
77 74 7130
77 75 8352
77 76 1
77 78 1
77 79 6875
77 80 9675
77 81 7343
77 82 8523
77 83 6846
77 84 7973
77 85 8989
77 86 7136
77 87 9188
77 88 9255
77 89 8640
77 90 7540
77 91 9683
77 92 8514
78 0 8225
78 1 7863
78 2 9591
78 3 6145
78 4 8035
78 5 8689
78 6 8006
78 7 7489
78 8 8453
78 9 7540
78 10 6559
78 11 7749
78 12 8387
78 13 6009
78 14 6748
78 15 9543
78 16 9256
78 18 7198
78 19 7995
78 20 7556
78 21 9263
78 22 6647
78 23 8163
78 24 6271
78 25 7229
78 26 7287
78 27 7649
78 28 8038
78 29 7972
78 31 8175
78 32 7236
78 33 8394
78 34 9223
78 35 9857
78 36 7824
78 37 6499
78 38 6596
78 39 6478
78 40 6216
78 41 8604
78 42 7760
78 43 9428
78 44 6543
78 45 9428
78 46 9113
78 47 7456
78 48 7998
78 49 8716
78 50 8316
78 51 7737
78 52 6921
78 53 9849
78 54 7492
78 55 9190
78 56 8763
78 57 6512
78 58 7120
78 59 8832
78 60 6670
78 61 9935
78 62 9107
78 64 9953
78 65 8538
78 66 7322
78 67 6222
78 68 8227
78 69 6865
78 70 9173
78 71 8770
78 72 6626
78 73 8106
78 74 7597
78 75 8451
78 76 6709
78 77 1
78 79 0
78 80 7111
78 81 6673
78 82 9992
78 83 6424
78 84 6922
78 85 8473
78 86 7987
78 87 7131
78 88 9405
78 89 6687
78 90 9816
78 91 9756
78 92 7743
79 0 6093
79 1 6389
79 2 7474
79 3 8826
79 4 7065
79 5 9686
79 6 7684
79 7 6049
79 8 7169
79 9 6468
79 10 6908
79 11 7067
79 12 6057
79 13 9546
79 14 9220
79 15 8018
79 16 7121
79 17 6830
79 18 8937
79 19 6714
79 21 8645
79 22 7713
79 23 6706
79 25 6181
79 26 6298
79 27 8922
79 28 6037
79 29 7404
79 30 8655
79 31 6343
79 33 7095
79 34 6315
79 35 8002
79 37 8537
79 38 9750
79 39 7243
79 40 6563
79 41 8846
79 42 6983
79 43 7739
79 44 9642
79 45 8198
79 46 9386
79 47 9816
79 48 7450
79 49 6001
79 50 6092
79 51 9265
79 52 8018
79 53 8290
79 54 9503
79 55 8737
79 56 9574
79 57 7508
79 58 7367
79 59 8476
79 60 9487
79 61 7999
79 62 8425
79 63 7820
79 64 7885
79 65 8312
79 66 7319
79 67 7216
79 68 6315
79 69 7133
79 70 6463
79 71 6631
79 72 7135
79 73 6115
79 74 6147
79 75 8151
79 76 8388
79 77 9159
79 78 1
79 80 0
79 81 9680
79 82 7108
79 83 6317
79 84 7075
79 85 7622
79 86 7530
79 87 8507
79 88 8520
79 89 6632
79 90 8538
79 91 7049
80 0 7844
80 1 7507
80 2 9291
80 3 6549
80 4 7589
80 5 8802
80 6 8928
80 7 8759
80 8 8525
80 9 9979
80 10 7407
80 11 6622
80 12 6565
80 13 8902
80 14 6824
80 15 8588
80 16 7405
80 17 9370
80 18 7179
80 20 8643
80 21 7545
80 22 7368
80 23 7782
80 24 8754
80 25 7587
80 26 6029
80 27 9149
80 28 7163
80 29 8754
80 30 9329
80 31 6028
80 32 7781
80 33 6842
80 34 8898
80 35 9932
80 36 7803
80 38 6524
80 39 7664
80 40 9378
80 41 8804
80 42 9204
80 43 9383
80 44 8599
80 45 7012
80 46 7442
80 47 7804
80 48 9319
80 49 9353
80 50 7914
80 51 7948
80 52 9004
80 53 6257
80 54 7971
80 55 7066
80 56 7228
80 57 9966
80 58 6317
80 59 8879
80 60 9279
80 61 6439
80 62 7020
80 63 6467
80 64 7581
80 66 7723
80 67 8145
80 68 6895
80 69 7930
80 70 9526
80 71 7255
80 72 6939
80 74 7966
80 75 8888
80 76 8282
80 77 7928
80 78 6784
80 79 0
80 81 0
80 82 8176
80 85 8412
80 86 8133
80 87 9508
80 88 7218
80 89 8350
80 90 7136
80 91 6328
80 92 8932
81 0 7771
81 1 8446
81 2 6654
81 3 7462
81 4 6617
81 5 8139
81 7 8780
81 8 9607
81 9 8614
81 10 8814
81 11 7230
81 12 9166
81 13 7728
81 14 7058
81 15 9013
81 16 9532
81 17 7660
81 18 8201
81 19 6357
81 20 7237
81 21 8595
81 22 8132
81 23 9150
81 24 7766
81 25 6478
81 26 6423
81 27 6699
81 28 9947
81 29 9242
81 30 6131
81 31 7178
81 32 6097
81 33 8164
81 34 8102
81 35 8001
81 36 7455
81 37 9479
81 38 9155
81 39 7022
81 40 6092
81 41 6886
81 42 8871
81 45 9287
81 46 6250
81 47 7049
81 48 9783
81 49 6182
81 50 6666
81 51 6709
81 52 7673
81 53 8557
81 54 6158
81 55 6240
81 56 7079
81 58 9317
81 59 6565
81 60 8784
81 61 9386
81 62 6711
81 63 8120
81 64 6218
81 65 9303
81 66 8040
81 67 6055
81 68 9152
81 69 8981
81 70 7994
81 71 9100
81 72 6423
81 73 8419
81 74 7737
81 75 9163
81 76 7327
81 77 7093
81 78 8878
81 79 9578
81 80 0
81 82 1
81 84 7149
81 85 7385
81 87 8735
81 88 9055
81 89 9069
81 90 8796
81 91 8093
81 92 6437
82 0 7741
82 1 7168
82 2 8417
82 3 6665
82 4 8329
82 5 6929
82 6 9262
82 7 6577
82 8 9988
82 9 9509
82 10 6429
82 11 8970
82 12 9476
82 13 9699
82 14 8013
82 15 6182
82 17 8001
82 18 9688
82 19 6228
82 20 6560
82 21 6421
82 22 7314
82 23 7452
82 24 7775
82 25 6313
82 26 8467
82 27 9002
82 28 8790
82 29 8556
82 30 6656
82 31 8223
82 32 9535
82 33 7368
82 34 6733
82 35 7966
82 36 6816
82 37 6669
82 38 9785
82 39 9985
82 40 9407
82 41 9011
82 43 7163
82 44 9254
82 45 8778
82 46 9475
82 47 6597
82 48 9571
82 49 9995
82 50 6059
82 51 7290
82 52 7824
82 53 9002
82 54 6604
82 55 7381
82 56 7781
82 57 8521
82 58 7851
82 59 6425
82 60 9790
82 61 7399
82 62 8672
82 63 7445
82 64 6448
82 65 8006
82 66 9446
82 67 7569
82 68 9516
82 69 6874
82 70 6058
82 72 9843
82 73 8887
82 75 6142
82 76 7770
82 77 7413
82 78 9865
82 79 8400
82 80 8163
82 81 1
82 83 1
82 84 6892
82 85 8312
82 86 7475
82 87 7078
82 88 9571
82 89 6994
82 91 8678
82 92 9249
83 0 7583
83 1 7663
83 2 8003
83 3 9275
83 4 7392
83 5 7833
83 6 8582
83 7 6120
83 8 8077
83 9 7047
83 10 8245
83 11 7174
83 12 6793
83 13 7500
83 14 8555
83 15 6277
83 16 6393
83 17 6177
83 18 6433
83 19 8814
83 20 7625
83 21 7449
83 23 9733
83 24 9976
83 25 6444
83 26 8765
83 27 8076
83 28 8817
83 29 8311
83 30 6252
83 31 8439
83 32 9426
83 33 8075
83 34 9099
83 35 6041
83 36 9619
83 37 7389
83 38 9368
83 39 7128
83 40 9032
83 41 6023
83 42 8578
83 43 7396
83 44 7569
83 45 8830
83 46 9615
83 47 9268
83 48 8590
83 49 8248
83 50 8995
83 51 8437
83 52 6770
83 53 7563
83 54 9149
83 55 8957
83 56 9849
83 57 9629
83 58 8168
83 59 6751
83 60 9201
83 61 9362
83 62 6447
83 63 8349
83 64 8209
83 65 6918
83 66 9072
83 67 6297
83 68 8716
83 69 9906
83 70 9362
83 71 8393
83 72 7133
83 73 7801
83 75 7005
83 76 9899
83 77 7487
83 78 8560
83 79 9010
83 80 9343
83 81 6886
83 82 1
83 84 1
83 86 8182
83 87 9900
83 88 7082
83 89 6987
83 90 9661
83 91 8965
83 92 7567
84 0 6748
84 1 9611
84 2 7446
84 3 7515
84 4 9736
84 5 6141
84 7 8259
84 8 7492
84 9 7262
84 10 7414
84 11 6651
84 12 9121
84 13 6652
84 14 9424
84 15 8375
84 16 6229
84 17 8770
84 18 9643
84 19 9447
84 20 9006
84 21 7618
84 22 9247
84 23 9431
84 24 6508
84 25 8894
84 26 9206
84 27 7927
84 28 8141
84 29 7200
84 30 7031
84 31 9839
84 32 8039
84 33 8949
84 34 6394
84 35 9404
84 36 9872
84 37 6354
84 38 6309
84 39 7005
84 40 8233
84 41 8899
84 43 7849
84 44 6624
84 45 7257
84 46 9890
84 47 8281
84 48 6809
84 49 7243
84 51 7578
84 52 6300
84 53 7501
84 55 7837
84 56 7700
84 57 6113
84 58 9183
84 59 8377
84 60 8963
84 61 6029
84 62 8304
84 63 9008
84 64 6257
84 65 7110
84 66 6237
84 67 7386
84 68 7903
84 69 6173
84 70 8902
84 71 9922
84 72 9175
84 73 9231
84 74 8269
84 75 7155
84 76 6344
84 77 7867
84 78 6215
84 80 7913
84 81 9893
84 82 8904
84 83 0
84 85 0
84 86 9676
84 87 6052
84 88 9157
84 89 6681
84 90 8936
84 91 9160
85 0 6352
85 1 9727
85 2 8914
85 3 9729
85 4 8192
85 5 8516
85 6 7175
85 7 7503
85 8 6851
85 9 6915
85 10 6704
85 11 6300
85 12 8804
85 13 7514
85 14 8546
85 15 7860
85 16 8045
85 17 8610
85 18 6985
85 19 9357
85 20 8889
85 21 9572
85 22 8276
85 23 9046
85 24 7525
85 25 9848
85 26 7721
85 27 7017
85 28 8505
85 29 6261
85 30 9426
85 31 8255
85 33 8300
85 34 6204
85 35 6110
85 36 6477
85 37 8590
85 38 6232
85 39 8377
85 40 8403
85 41 8178
85 42 9655
85 44 8056
85 45 7404
85 46 8704
85 47 7074
85 48 6684
85 49 6386
85 50 8294
85 51 9758
85 52 8191
85 53 8112
85 54 7617
85 55 9640
85 56 9262
85 57 6884
85 59 7092
85 60 9863
85 61 8593
85 62 9093
85 63 7750
85 64 9523
85 65 6190
85 67 6550
85 68 8279
85 69 8200
85 70 8554
85 72 7581
85 73 6459
85 74 9703
85 75 8537
85 76 8667
85 77 7098
85 78 8619
85 79 6786
85 80 9045
85 81 7688
85 82 9962
85 83 9469
85 84 1
85 86 1
85 87 8649
85 88 6781
85 89 9289
85 90 9539
85 91 9680
85 92 8627
86 1 8370
86 2 7329
86 3 6985
86 4 8503
86 5 7250
86 6 8320
86 7 9620
86 8 8564
86 9 7991
86 10 7518
86 11 8143
86 12 8286
86 13 7732
86 14 8624
86 15 8701
86 16 6007
86 17 8555
86 18 7797
86 19 6018
86 20 7239
86 21 7921
86 22 7725
86 23 9726
86 24 9838
86 25 8062
86 26 6375
86 27 9559
86 28 7833
86 29 7266
86 30 9232
86 31 6780
86 32 6676
86 33 7252
86 34 6229
86 35 7487
86 36 7516
86 37 9846
86 38 6377
86 39 8039
86 40 8337
86 42 9934
86 43 8363
86 44 6547
86 45 9260
86 46 9621
86 47 6255
86 48 8617
86 49 8087
86 50 8473
86 52 8890
86 53 8917
86 54 7913
86 55 9537
86 57 9459
86 58 7476
86 59 6521
86 60 6925
86 61 9211
86 62 6700
86 63 7533
86 64 8676
86 65 9345
86 66 6926
86 67 6342
86 68 6660
86 69 6227
86 70 9442
86 71 7243
86 72 8219
86 73 7700
86 74 6242
86 75 9305
86 76 7364
86 77 9244
86 78 6096
86 79 6316
86 80 8206
86 81 8728
86 82 6188
86 83 7881
86 84 9403
86 85 0
86 87 0
86 88 6877
86 89 6157
86 90 7608
86 91 7842
86 92 7190
87 0 9875
87 1 7963
87 2 6384
87 3 8908
87 4 6514
87 5 6616
87 7 7469
87 8 6356
87 9 9785
87 10 7683
87 11 7869
87 12 6506
87 13 6483
87 14 8934
87 15 8408
87 16 6786
87 17 9033
87 18 8231
87 19 9954
87 20 9414
87 21 7875
87 22 9310
87 23 8096
87 24 8200
87 25 9577
87 26 7732
87 27 8491
87 28 7557
87 29 9978
87 30 9157
87 31 8871
87 32 7265
87 33 6791
87 35 6255
87 36 6002
87 37 6318
87 38 7669
87 40 7610
87 41 6980
87 42 6433
87 43 8100
87 44 8633
87 45 6444
87 47 7257
87 48 7353
87 49 9351
87 50 9322
87 51 9394
87 52 7721
87 53 9170
87 54 7873
87 55 6636
87 56 7672
87 57 6106
87 58 9697
87 59 7227
87 60 7126
87 61 7151
87 62 9081
87 63 8128
87 64 6039
87 65 8099
87 66 8181
87 67 8080
87 68 6907
87 69 7763
87 70 8124
87 71 7764
87 72 8896
87 73 6268
87 74 7524
87 75 8156
87 76 8773
87 77 8641
87 78 8755
87 79 8764
87 80 7758
87 81 6827
87 83 7469
87 84 9503
87 85 8922
87 86 0
87 88 1
87 89 9805
87 90 9046
87 91 7237
87 92 9553
88 0 8330
88 1 9392
88 2 6214
88 3 7563
88 4 9241
88 5 7078
88 6 8654
88 7 8029
88 8 8360
88 9 9413
88 10 7058
88 11 8568
88 12 7188
88 13 7864
88 14 9081
88 15 9120
88 16 9588
88 17 7310
88 18 7119
88 19 9465
88 20 6191
88 21 9775
88 22 7734
88 23 9981
88 24 7144
88 25 7778
88 26 6341
88 27 7800
88 28 8919
88 29 6989
88 30 7836
88 31 9394
88 32 7617
88 33 9913
88 34 8037
88 35 6466
88 36 6709
88 37 7256
88 38 6822
88 39 7462
88 40 6676
88 41 7938
88 42 9090
88 43 9202
88 44 9209
88 46 9059
88 47 6381
88 48 9801
88 49 7633
88 50 8230
88 51 7174
88 52 7419
88 53 7363
88 54 9526
88 55 7908
88 56 6003
88 57 7564
88 58 8752
88 59 9307
88 60 9790
88 61 9158
88 62 8625
88 63 7533
88 64 6828
88 65 9271
88 66 9494
88 67 6390
88 68 7774
88 69 9160
88 70 8356
88 71 6492
88 72 7118
88 74 9850
88 75 8536
88 76 6887
88 77 7898
88 78 9845
88 79 9857
88 80 7765
88 81 6386
88 82 9767
88 83 8216
88 84 8883
88 85 8302
88 87 1
88 89 1
88 90 7339
88 91 8950
88 92 8386
89 0 9036
89 1 9289
89 2 9991
89 3 8068
89 4 9272
89 5 9275
89 6 8767
89 7 9511
89 8 7995
89 9 8402
89 10 9046
89 11 9344
89 12 7597
89 13 6564
89 14 7416
89 15 9762
89 16 7081
89 18 8469
89 19 6461
89 20 7597
89 21 7184
89 22 7270
89 23 9437
89 24 9970
89 25 9700
89 26 9875
89 27 6781
89 28 9484
89 29 8772
89 30 7845
89 31 9330
89 32 8291
89 33 7579
89 34 6964
89 35 6229
89 36 7991
89 37 9579
89 38 8048
89 39 9625
89 40 6887
89 41 6235
89 42 8909
89 43 6229
89 44 8303
89 45 8813
89 46 7907
89 47 8058
89 48 7012
89 49 6910
89 50 9966
89 51 6969
89 52 9419
89 53 9183
89 54 7169
89 55 6400
89 56 7173
89 57 8294
89 58 6177
89 59 8705
89 60 9814
89 61 7874
89 62 9793
89 63 9901
89 64 9953
89 65 9177
89 66 6724
89 67 9724
89 68 8562
89 69 6108
89 70 6827
89 71 9372
89 72 6360
89 74 10000
89 76 8563
89 77 7278
89 78 8145
89 79 9834
89 80 8141
89 81 6089
89 82 6759
89 83 6178
89 84 7357
89 85 9161
89 86 7096
89 87 7987
89 88 1
89 90 1
89 91 6940
89 92 8945
90 1 7193
90 2 9760
90 3 8106
90 4 8220
90 5 9462
90 6 6054
90 7 8369
90 8 9886
90 9 6922
90 11 6555
90 12 9100
90 13 7788
90 14 8830
90 15 8077
90 16 9637
90 17 6260
90 18 7622
90 19 7127
90 21 7488
90 22 8591
90 23 6018
90 24 8364
90 25 8470
90 26 9040
90 27 8486
90 28 8754
90 29 6183
90 30 8983
90 31 7730
90 33 6073
90 34 9225
90 35 8092
90 36 6832
90 37 8846
90 38 6725
90 39 6436
90 40 7290
90 41 6057
90 42 8894
90 43 9702
90 44 8481
90 45 6121
90 46 6112
90 47 6696
90 48 8343
90 49 6280
90 50 7868
90 52 7117
90 53 8309
90 54 7601
90 55 6088
90 56 8004
90 57 9387
90 58 6849
90 59 7966
90 60 7281
90 61 9602
90 62 7011
90 63 8868
90 64 9687
90 65 7537
90 66 8007
90 67 9553
90 68 8751
90 69 7649
90 70 6024
90 71 6884
90 72 6196
90 73 7771
90 74 7565
90 76 8066
90 77 7439
90 78 9052
90 79 7588
90 80 6961
90 81 9647
90 82 6030
90 83 6839
90 84 8813
90 85 7433
90 86 8298
90 87 8412
90 88 8070
90 89 0
90 91 1
90 92 7898
91 0 7056
91 1 9667
91 2 6503
91 3 8203
91 4 9774
91 5 6283
91 6 7525
91 7 8671
91 8 9277
91 9 6137
91 10 7047
91 11 8937
91 12 7145
91 13 6713
91 14 9349
91 15 6801
91 16 8357
91 17 8152
91 18 6346
91 19 7521
91 20 8151
91 21 9821
91 22 8392
91 23 8765
91 24 8959
91 25 6259
91 26 9263
91 27 9776
91 28 6798
91 30 7989
91 31 7366
91 32 7358
91 33 7018
91 34 9759
91 35 8297
91 36 7279
91 37 8170
91 38 9806
91 39 7035
91 40 6461
91 41 8138
91 42 8259
91 43 8397
91 44 6588
91 45 8983
91 46 9359
91 47 6056
91 48 9900
91 49 6778
91 50 8529
91 51 9667
91 52 6653
91 53 7489
91 54 8505
91 55 8922
91 56 6690
91 57 8581
91 58 6525
91 59 6414
91 60 6284
91 61 6458
91 62 8158
91 63 9542
91 64 8172
91 65 7741
91 66 8596
91 67 6183
91 68 7654
91 69 6740
91 70 6595
91 71 7114
91 72 7823
91 73 8909
91 74 8756
91 75 6176
91 76 6912
91 77 9442
91 78 9915
91 79 9504
91 80 7697
91 81 9267
91 82 8519
91 83 6750
91 84 8140
91 85 9759
91 86 8794
91 87 9342
91 88 6527
91 89 9873
91 90 1
91 92 1
92 0 9716
92 1 9790
92 3 6653
92 4 9206
92 5 6656
92 6 6642
92 7 8605
92 8 9722
92 10 6768
92 12 7647
92 13 7027
92 14 8611
92 15 8990
92 16 7671
92 17 8381
92 18 6532
92 19 9154
92 20 8436
92 21 7035
92 22 6219
92 23 9627
92 24 6241
92 25 7150
92 26 8935
92 27 7057
92 28 8640
92 29 8294
92 30 9884
92 31 9558
92 32 9269
92 33 8142
92 34 8615
92 35 6309
92 36 8483
92 37 8718
92 38 7894
92 39 8419
92 40 6855
92 41 8523
92 42 7457
92 43 6038
92 44 9579
92 45 9098
92 47 9507
92 48 7339
92 49 6658
92 50 8229
92 51 7124
92 52 7870
92 53 7224
92 54 9334
92 55 7139
92 56 9480
92 57 9752
92 58 9209
92 59 8446
92 60 9675
92 61 7725
92 62 8020
92 63 7823
92 64 9736
92 65 7109
92 66 7749
92 67 8618
92 68 9919
92 69 7549
92 70 8054
92 71 8085
92 72 7980
92 73 8570
92 74 7660
92 75 7942
92 76 9073
92 77 8821
92 78 8558
92 79 9161
92 80 9463
92 81 7494
92 82 8614
92 83 8293
92 84 9719
92 85 7071
92 86 9643
92 87 8728
92 88 9256
92 89 6688
92 90 9541
92 91 1
