100 523 19 97
0 9 7531
0 10 1186
0 19 5622
0 36 3939
0 43 483
0 48 8044
0 59 1169
1 2 3679
1 33 3097
1 73 5314
1 92 1681
2 3 9504
2 28 466
2 46 5592
2 62 8946
2 75 114
2 82 2757
3 18 7118
3 60 8346
4 2 1335
4 35 4817
4 46 1178
5 16 770
5 34 4488
5 42 8043
5 47 3077
5 73 9954
5 78 9194
6 9 1710
6 12 4905
6 54 1532
6 66 5255
6 70 5494
6 85 8448
6 95 2403
6 96 2335
7 84 5693
7 93 4016
8 13 5020
8 25 332
8 26 6934
8 28 4536
8 35 2215
8 41 5882
8 56 555
8 84 9421
9 16 7658
9 48 6209
9 66 9110
9 81 2780
9 96 8593
10 1 2865
10 19 4146
10 21 5317
10 22 2370
10 57 9587
10 58 1957
10 75 6826
10 99 2755
11 0 3190
11 13 2574
11 22 5019
11 26 5631
11 34 3144
11 40 7848
11 43 1675
11 44 7270
11 60 9962
11 68 1697
11 75 6490
11 98 2742
12 2 3709
12 50 9814
12 52 6114
12 63 568
12 79 4290
12 83 7425
12 92 3405
13 17 6562
13 29 2322
13 34 2355
13 47 5247
14 31 9222
14 67 5318
14 71 678
14 72 908
14 85 9253
15 17 258
15 39 5239
15 44 6141
16 9 9199
16 48 5043
16 76 3398
16 80 7821
17 16 8229
17 37 5105
17 48 3566
17 59 7986
17 87 7511
17 88 7300
17 94 8056
18 4 7764
18 26 1811
18 56 7634
18 63 7479
18 98 3325
19 18 8918
19 27 4996
19 60 3912
19 66 7849
20 26 8945
20 41 7026
20 42 1379
20 82 3618
20 83 1736
21 4 4398
21 15 1965
21 25 7734
21 57 2021
21 60 2715
22 0 4161
22 26 2774
22 35 6954
22 43 5685
22 51 310
22 66 1966
23 40 4148
23 43 237
23 47 6963
23 48 3591
23 63 5049
23 66 5201
23 83 7354
24 12 5935
25 7 9502
25 18 876
25 28 4159
25 43 1101
25 50 9661
26 28 950
26 29 5815
26 66 9671
26 79 9308
27 43 8867
28 4 5267
28 7 2738
28 15 9101
28 16 4802
28 27 3326
28 51 9825
28 53 8059
29 15 798
29 35 3497
30 8 317
30 36 7581
30 54 6929
30 57 5745
30 60 4872
31 41 8916
31 51 3550
31 68 7329
31 74 5122
31 91 1020
32 7 1571
32 14 4949
32 68 4755
32 89 3539
33 42 6471
33 49 2492
33 90 7165
34 12 1051
34 38 5400
34 63 2838
35 17 9400
35 19 4890
35 46 7713
35 47 9139
35 77 7785
35 98 5495
36 32 774
36 35 4791
36 72 8929
37 11 7856
37 78 2215
38 48 2517
38 58 6887
38 64 2325
38 92 4505
38 94 1947
39 10 3215
39 14 9538
39 22 8255
39 36 4822
39 57 8035
39 93 9567
40 12 6141
40 13 5763
40 34 5388
40 47 6958
40 68 9247
40 87 5427
41 2 8747
41 5 8711
41 32 9774
41 46 7723
41 69 6116
41 70 5978
42 31 7975
42 41 799
42 48 9998
42 49 8104
42 94 7917
43 59 6833
43 98 7309
44 3 6598
44 4 3518
44 10 727
44 51 3611
44 68 6797
44 76 8968
44 96 2997
45 29 2830
45 35 1550
45 70 2916
45 71 2267
45 77 859
45 78 7182
45 89 7022
45 91 9197
46 15 6681
46 34 523
46 40 6328
46 41 1284
46 48 6873
46 66 6887
46 78 7010
47 31 6283
47 42 4870
47 60 733
47 63 1036
47 84 5692
47 91 9294
48 6 338
48 7 6305
48 26 5283
48 59 5762
48 66 6724
48 92 6353
48 93 140
48 94 650
49 10 6098
49 17 1701
49 21 7544
49 46 357
49 61 498
49 72 667
50 35 4956
50 68 3485
50 74 1697
50 82 9854
51 5 9656
51 6 4307
51 20 9996
51 27 1974
51 30 7768
51 41 1327
51 57 3467
51 74 4660
52 47 5235
52 67 7429
52 68 6035
52 71 959
52 73 568
53 8 6227
53 80 4058
53 86 798
54 7 4955
54 9 359
54 29 8515
54 37 3172
54 41 8361
54 52 3426
55 49 8462
55 66 2183
55 69 923
55 70 5287
56 10 7424
56 15 7989
56 30 8644
56 33 4457
56 63 8941
57 52 6555
57 77 1713
58 26 5386
58 42 4802
58 91 6128
59 40 4919
59 47 826
59 67 8917
59 87 5101
60 7 7769
60 13 5911
60 22 5053
60 24 3994
60 39 2947
60 55 2453
60 79 9980
60 95 7700
61 11 8061
61 15 7371
61 46 1606
61 81 4926
62 24 2853
62 68 7544
62 77 8407
62 90 8282
63 14 7719
63 19 5341
63 36 5975
63 40 4218
63 47 6826
63 58 2990
63 60 6155
63 67 8033
63 85 4635
63 86 4446
63 98 3288
63 99 1897
64 16 2093
64 47 3068
64 78 5182
65 3 564
65 4 4055
65 6 637
65 21 53
65 22 1711
65 43 3028
65 45 4156
65 52 8627
65 72 3376
65 84 8966
65 85 7668
65 92 2622
66 9 9312
66 15 4664
66 24 1567
66 33 2153
66 45 2064
66 72 2439
66 86 3924
66 87 7547
67 2 2434
67 10 4560
67 38 7847
67 40 274
67 48 3736
67 71 5577
67 86 7271
67 95 8967
68 4 3263
68 5 7864
68 8 1603
68 22 1697
68 32 4615
68 34 2158
68 53 4427
68 54 8056
68 56 1785
68 96 7977
68 98 3466
69 10 2032
69 67 5531
69 92 3025
69 93 2076
70 15 9037
70 26 5237
70 42 3099
70 43 5123
70 63 6150
70 67 3426
70 89 8492
70 96 8542
71 21 1046
71 28 1780
72 21 1170
72 31 5686
72 66 9101
73 14 4474
73 72 1936
73 79 6753
73 84 1126
73 91 8740
73 92 6846
73 99 6322
74 9 4985
74 20 2231
74 39 4027
74 75 2604
74 94 4579
75 36 4020
75 47 9017
75 64 9995
76 20 1788
76 45 3338
76 46 7501
76 87 647
77 7 2256
77 17 5582
77 46 6063
77 72 6642
78 16 5347
78 20 68
78 22 8026
78 54 6606
78 70 1531
78 90 5736
78 91 2690
78 94 7888
78 98 1288
79 14 8011
79 23 2427
79 59 4273
79 60 8904
80 6 2339
80 78 7566
80 87 1156
81 7 8750
81 29 277
81 50 5180
81 94 1664
82 7 2365
82 45 5879
82 48 479
82 52 1555
82 56 6611
82 81 3411
83 29 9770
84 9 1914
84 23 1713
84 35 5200
84 58 6965
84 65 4842
84 81 7162
84 92 2885
85 1 2202
85 22 6924
85 62 2335
85 70 3803
85 82 9512
86 1 1032
86 28 7289
86 31 1523
86 35 5089
86 50 9441
86 80 8455
87 16 3309
87 30 9542
87 35 7109
87 50 8177
87 83 8991
88 1 2897
88 9 2146
88 34 9419
88 52 2461
88 66 9193
88 79 3798
88 85 6087
89 4 9812
89 11 1211
89 16 1586
89 52 9500
89 94 5971
89 96 5017
89 98 4622
90 40 7144
90 49 4371
90 61 2105
90 96 8605
91 12 4885
91 32 3188
91 38 9776
92 8 6678
92 11 7229
92 84 5672
92 85 5742
92 99 5144
93 24 708
93 45 2481
93 47 1019
93 56 2108
93 57 7766
93 79 9898
93 91 6812
94 6 3002
94 85 3719
94 98 752
95 2 3699
95 57 2217
95 66 6736
95 86 3864
95 89 1802
95 99 9223
96 0 2976
96 15 2569
96 30 4594
96 31 4137
96 43 3443
96 73 5599
97 19 2858
97 40 1593
97 60 8716
97 62 9291
97 70 5611
97 87 5933
97 92 2052
98 5 3666
98 48 5636
98 55 6894
98 99 1500
99 40 1172
99 45 6133
99 60 8911
99 73 4517
