50
6 3 928594
44 29 332618
23 38 39786
16 9 49684
13 29 994965
1 24 644056
13 50 599541
37 2 143052
12 16 585198
15 45 952789
22 2 511582
34 45 264768
13 17 645797
11 34 552175
18 48 258776
6 49 846955
32 11 460872
33 47 161858
32 9 953670
4 25 558075
24 46 879009
1 32 590144
6 44 370953
49 5 321180
4 24 415936
37 29 238709
26 1 657329
39 31 55708
10 7 971531
32 7 780724
33 34 841965
39 4 162340
14 23 259991
43 38 204597
48 3 845823
9 30 468985
48 11 524693
35 43 567382
24 42 641145
8 28 483109
14 11 432651
11 8 794110
18 21 120175
23 36 34502
40 30 956868
5 27 483885
19 29 116744
20 43 475444
40 41 455880
1000
4 22
18 46
19 33
33 8
2 13
14 45
21 16
11 17
27 34
16 43
46 36
37 46
50 42
50 37
31 42
38 36
15 7
33 35
40 15
42 43
29 8
40 50
23 50
16 1
35 31
45 30
18 31
25 17
22 26
6 4
19 43
39 33
49 23
19 40
40 11
33 18
18 24
17 42
23 34
44 9
15 38
38 34
20 12
3 42
37 8
45 7
2 36
39 50
8 7
42 49
19 26
17 38
49 35
31 23
31 35
15 18
18 35
31 22
26 19
29 22
25 30
9 15
32 19
23 23
17 44
50 35
31 48
20 14
22 38
39 4
22 4
21 41
38 3
13 15
21 43
38 47
23 49
11 6
17 35
30 35
28 29
20 9
28 39
24 49
28 12
2 1
17 24
41 4
28 5
20 48
48 10
46 22
8 8
27 26
42 6
10 20
34 31
30 13
21 3
11 48
16 14
50 33
39 41
38 16
47 8
15 44
17 12
15 26
19 41
1 10
48 12
31 31
43 12
43 13
16 5
13 32
16 10
4 3
27 3
12 43
46 30
4 13
5 22
5 7
34 3
19 14
35 11
28 30
25 43
34 39
26 6
3 41
17 6
46 44
10 9
36 6
39 40
20 45
13 24
2 46
28 20
12 13
32 41
33 27
45 11
34 49
3 1
6 48
46 16
7 31
23 47
22 42
41 37
32 47
13 45
11 44
35 4
2 20
32 48
30 16
46 32
18 1
32 13
16 38
45 38
36 19
31 26
5 50
20 38
46 34
35 6
30 19
9 31
40 40
7 25
1 26
27 32
38 43
21 35
32 6
5 15
33 11
14 4
48 11
40 32
18 19
3 26
1 42
17 30
13 26
6 15
1 32
48 41
26 18
27 10
25 31
24 9
41 39
15 40
1 4
24 18
24 28
45 26
19 11
7 33
38 12
47 39
45 44
29 23
13 5
32 39
37 7
50 27
47 14
18 47
14 44
18 10
19 39
22 25
21 10
38 18
48 32
13 28
4 28
34 37
16 20
43 17
48 39
30 15
37 50
8 2
43 25
11 11
13 33
37 36
42 24
5 41
6 17
20 11
46 3
48 14
24 42
30 23
33 12
39 19
11 46
23 6
21 33
17 5
20 8
28 24
43 19
48 38
1 46
38 31
18 22
42 7
43 4
4 15
9 26
47 27
11 16
33 32
23 12
8 25
47 50
43 46
39 16
42 40
13 31
22 33
3 15
41 45
20 44
20 7
7 32
22 41
13 47
21 15
45 10
32 38
1 47
19 24
29 21
40 19
17 9
14 25
33 47
14 7
39 29
50 25
40 21
32 25
26 34
21 44
9 49
16 48
17 32
8 30
8 49
15 41
47 30
47 36
8 1
28 8
27 19
30 17
5 13
41 31
46 11
11 42
3 29
25 12
11 33
10 25
25 7
4 21
44 14
23 21
39 2
17 46
16 8
28 11
20 3
16 31
46 20
11 21
31 21
3 43
45 29
1 1
1 44
16 23
21 6
1 6
46 28
18 18
50 28
6 10
31 2
30 27
30 32
29 30
27 44
2 42
33 24
48 23
13 50
30 10
30 49
27 12
33 28
38 37
28 18
38 7
41 25
49 17
9 1
26 8
25 40
9 7
50 38
5 28
49 38
6 40
27 43
12 15
13 9
33 33
35 29
5 12
38 29
2 49
35 1
36 42
28 37
29 35
26 7
29 3
13 42
17 27
1 3
37 21
32 43
32 21
22 35
19 8
35 7
49 15
43 29
1 18
38 30
20 50
23 38
28 23
40 8
10 26
10 46
46 43
39 30
14 12
14 32
21 1
38 22
2 17
49 39
48 20
8 19
45 49
28 4
25 38
2 22
30 40
3 19
27 25
19 16
46 37
50 50
5 48
40 5
20 30
27 29
48 21
27 28
15 28
25 46
19 27
41 23
45 17
47 15
34 45
3 33
44 10
14 40
32 14
12 10
41 38
15 37
2 35
15 42
7 12
10 6
28 44
50 31
28 45
40 10
15 43
44 46
6 5
8 48
43 20
4 9
8 5
46 24
47 2
7 13
1 8
40 31
23 33
50 30
27 31
28 32
42 35
36 37
9 34
40 45
40 47
9 40
6 3
38 10
38 27
43 48
24 21
30 3
2 21
38 39
7 48
44 12
45 3
3 50
7 23
9 45
34 48
11 34
13 3
33 38
41 24
33 30
13 41
39 22
48 35
24 2
37 33
26 47
27 9
45 1
7 5
34 20
8 16
8 14
6 6
6 45
31 3
8 17
35 34
14 13
42 10
14 1
16 49
20 23
17 28
7 46
27 14
11 4
35 16
10 42
12 39
48 43
41 5
11 28
38 26
35 5
32 3
27 22
30 33
17 8
46 27
44 25
13 20
48 5
25 10
34 14
36 24
45 22
30 26
24 35
28 1
35 24
17 31
2 32
12 46
6 37
3 20
6 50
25 32
11 8
46 46
33 40
20 15
18 45
49 47
47 7
6 32
14 36
6 25
31 14
33 21
34 9
2 44
19 49
42 3
41 11
7 18
4 4
26 12
38 48
24 24
8 41
9 41
49 10
37 17
9 28
20 1
40 36
1 30
26 37
39 13
34 30
8 10
6 13
48 13
5 6
20 27
21 39
27 36
49 12
48 1
39 34
32 46
45 37
50 15
49 7
42 20
30 20
33 6
6 43
38 6
4 2
31 4
24 23
44 22
29 13
38 28
3 31
49 32
1 31
39 8
24 29
13 29
32 36
14 20
21 31
50 44
19 5
48 49
19 38
18 27
5 20
27 33
26 39
13 7
29 16
40 28
45 40
26 16
27 6
39 44
33 43
16 44
40 42
28 15
22 18
34 15
15 36
36 4
43 40
48 19
15 30
23 20
36 7
39 9
24 41
22 2
37 22
41 1
4 36
42 1
3 40
39 28
41 26
35 10
4 8
9 36
14 47
10 4
49 13
16 47
20 21
48 28
36 31
7 22
42 12
29 44
29 1
35 38
7 35
3 45
43 2
31 37
3 28
14 38
10 23
9 2
45 24
24 13
47 17
27 23
26 5
29 27
13 1
1 36
41 47
9 18
23 35
32 37
14 31
5 42
5 40
13 30
47 43
7 44
49 36
38 44
37 28
42 47
31 29
3 47
11 10
49 2
46 47
47 4
43 50
27 38
31 16
42 25
12 38
41 43
18 43
41 30
4 30
44 5
32 42
1 28
31 24
50 7
11 27
19 44
18 3
49 8
47 19
2 37
48 6
10 50
37 10
29 33
5 9
32 7
43 45
33 13
24 5
30 25
12 27
43 15
20 33
41 12
20 13
19 25
26 11
41 7
18 50
32 5
28 10
6 49
15 50
39 42
10 29
48 47
34 33
23 1
42 13
50 12
28 27
21 7
11 29
5 5
21 30
10 35
28 43
39 11
11 13
16 36
49 34
5 19
15 14
5 46
13 34
38 40
10 28
2 23
40 17
21 22
1 38
10 33
27 1
25 45
49 25
30 5
43 44
21 47
41 33
30 30
25 42
7 26
44 29
43 14
3 10
12 5
24 12
29 5
17 22
48 37
20 41
19 50
41 27
23 4
23 16
32 34
10 34
15 9
46 40
20 24
44 36
47 44
24 17
31 11
29 46
20 10
32 31
45 28
22 10
36 17
43 39
38 19
5 21
13 22
25 1
31 6
43 31
3 24
1 35
8 39
2 9
12 40
23 43
45 36
39 7
29 31
31 7
37 39
47 40
49 42
33 3
33 16
44 43
12 18
48 36
10 45
31 39
35 36
41 16
18 4
33 2
6 16
17 49
9 21
40 6
50 2
34 32
41 20
18 33
11 40
45 35
31 50
50 11
21 8
34 12
14 42
14 15
24 16
17 7
47 9
29 14
41 15
5 27
32 1
13 14
1 15
12 50
25 35
10 8
39 23
27 7
26 15
11 32
19 19
34 44
17 2
12 8
14 28
19 4
37 44
20 47
41 6
17 21
34 21
23 31
39 35
35 14
26 48
28 42
35 15
12 9
28 2
16 45
35 19
25 18
40 39
6 12
48 8
5 33
15 32
24 8
47 10
12 35
38 32
50 22
5 39
41 19
22 16
25 2
31 44
29 50
6 18
9 37
39 39
4 29
33 31
24 34
19 18
48 4
40 41
30 24
6 27
17 1
6 23
29 38
3 11
2 26
44 8
30 31
48 16
23 45
40 23
1 21
46 6
48 48
50 16
1 5
45 42
39 48
5 49
15 23
50 14
49 5
36 1
25 33
7 24
31 8
14 29
21 2
8 40
36 12
38 2
36 39
15 27
41 41
35 26
9 50
35 41
23 22
34 25
34 41
14 21
22 40
16 34
26 3
34 19
40 37
6 26
23 18
7 39
46 26
28 31
47 41
43 9
50 6
37 6
31 15
26 28
47 21
16 4
28 6
39 37
10 38
4 10
17 25
6 44
5 3
44 1
23 11
4 33
40 29
42 11
23 13
15 29
18 8
29 42
27 46
14 9
49 21
