100
38 64 944241
61 95 509277
16 29 608608
93 97 778767
36 42 900899
88 40 689761
5 54 149821
80 55 325996
52 37 292670
65 83 446702
65 20 216967
6 14 931775
34 52 189330
82 59 61196
76 37 691161
15 59 962694
20 2 894804
26 92 675386
62 90 982579
44 86 242100
64 45 445862
95 2 677401
94 87 517547
85 68 654959
11 43 693269
28 9 939840
97 80 336231
98 6 577118
2 67 110674
70 11 609432
2 26 843656
18 72 960325
47 65 369138
79 49 595736
21 11 82577
47 38 905244
36 87 897358
26 36 966378
7 38 117896
29 7 268314
51 87 79321
75 39 305148
39 29 567021
40 87 483852
2 91 612451
92 3 199389
78 95 122557
96 54 69692
24 13 856506
60 73 541220
98 2 39879
89 29 607807
17 34 763654
55 11 568767
97 86 331151
100 97 247508
94 86 520339
86 81 435034
93 56 333557
25 67 799974
60 17 864211
69 5 233595
33 11 216299
24 80 763621
23 29 529628
69 14 49967
6 46 3500
98 53 855557
74 20 655530
52 6 565045
12 87 708958
86 9 682315
68 14 647018
84 63 971018
22 30 284636
79 100 864800
5 63 825133
1 83 764296
13 15 273760
21 57 216340
83 10 563446
40 50 390040
3 22 566588
19 31 625297
90 85 39132
35 30 490460
32 34 403364
12 48 991230
29 27 231190
53 99 523602
48 41 486322
53 4 831857
67 8 711357
66 1 197678
100 19 149485
64 71 917160
77 74 16183
83 18 516061
58 23 185457
1000
61 25
98 62
30 53
54 25
27 25
74 69
84 63
78 95
41 60
64 14
43 16
58 4
96 57
36 68
67 59
16 27
35 65
40 64
17 45
88 96
69 13
64 4
27 93
98 20
4 13
33 47
29 42
50 24
50 37
47 10
95 81
74 34
96 43
79 35
90 99
47 5
3 26
98 100
45 1
65 29
99 93
22 100
68 71
37 62
39 83
71 33
16 96
18 11
90 96
46 79
95 44
36 49
69 33
100 65
85 64
93 36
8 14
35 75
37 23
36 75
58 58
59 73
6 76
35 95
24 80
26 18
76 61
18 96
45 17
61 81
81 5
16 88
71 3
15 59
25 2
33 82
60 91
6 17
18 41
63 41
72 88
10 99
100 27
95 96
44 7
77 24
63 44
63 85
46 77
43 23
79 75
56 90
17 62
6 35
54 68
27 77
8 37
76 59
63 22
55 6
80 83
81 42
78 44
27 76
72 69
98 50
96 53
91 64
66 96
50 71
16 77
100 75
13 75
33 75
48 39
33 27
21 13
20 51
8 98
26 80
19 23
29 14
27 72
29 45
19 31
67 34
59 66
60 23
92 93
49 39
83 81
17 56
46 89
6 53
86 31
32 4
53 13
69 31
36 50
27 54
80 94
88 38
59 47
12 3
91 60
93 74
41 10
29 86
50 86
90 35
16 74
39 20
38 59
50 73
8 29
26 39
22 65
28 32
64 39
34 6
99 27
31 39
88 59
76 89
44 65
23 11
90 13
30 27
72 32
51 31
60 77
70 33
93 97
64 56
88 50
62 86
28 92
76 67
3 51
55 98
67 29
9 9
42 90
21 38
47 32
14 16
64 6
65 80
14 52
81 27
89 60
70 64
26 72
66 32
22 32
12 82
40 53
71 27
69 44
64 16
75 29
83 91
86 99
22 51
50 2
77 90
13 47
53 90
70 18
21 43
2 32
24 93
37 95
71 57
90 86
72 64
14 7
6 52
5 27
2 7
80 31
96 92
77 49
81 98
18 53
41 71
37 64
64 73
10 86
29 51
72 53
15 37
59 72
40 63
51 42
69 30
72 17
74 100
65 54
49 34
7 41
5 43
5 20
67 66
57 47
17 28
99 83
17 9
6 56
24 56
49 44
86 72
60 59
23 76
64 72
62 22
12 18
16 68
37 82
86 93
81 54
73 31
88 41
40 93
48 15
49 97
68 70
44 43
97 59
14 58
81 77
75 48
97 63
30 82
8 62
87 32
92 74
72 83
66 19
97 14
15 7
99 35
28 94
5 42
34 37
18 60
84 66
23 65
99 30
26 85
61 18
58 84
100 24
54 49
89 21
7 40
55 34
85 83
9 41
76 94
77 45
54 61
11 76
25 9
57 51
94 69
20 3
4 71
78 57
19 19
77 77
58 83
62 94
65 23
35 40
16 11
85 69
23 47
96 48
55 4
50 100
3 75
39 80
84 10
98 60
38 7
43 100
53 59
22 87
51 89
49 87
10 72
33 5
71 39
9 20
39 32
59 30
24 42
91 74
53 29
32 47
28 84
58 1
22 8
89 71
46 98
94 30
55 16
68 15
35 58
98 26
2 56
7 78
49 98
51 54
78 34
100 57
18 57
57 91
16 97
61 61
47 6
42 53
21 62
67 7
19 64
84 73
72 91
50 72
40 52
25 17
85 77
73 54
85 81
77 57
63 7
27 35
68 93
42 38
9 25
10 32
67 11
62 80
22 47
8 46
52 92
26 96
44 55
53 9
29 67
15 56
1 82
100 42
19 60
19 29
91 37
91 46
95 53
77 16
51 36
14 2
79 39
98 23
45 50
83 74
81 68
78 80
62 48
92 80
28 34
68 19
79 62
71 7
30 21
94 43
74 73
33 71
95 78
72 77
51 39
25 83
7 54
14 68
1 5
99 29
39 66
99 69
80 69
28 9
41 21
51 14
93 35
37 39
12 60
67 14
99 91
44 10
24 97
66 74
77 56
91 75
25 70
43 52
78 35
100 17
15 88
48 74
92 98
16 39
54 60
100 29
8 66
2 84
21 92
58 97
100 43
86 24
23 37
92 89
25 98
18 24
23 9
21 39
100 26
50 99
54 57
16 7
40 89
50 97
85 63
48 37
6 85
60 80
21 3
68 97
100 37
20 23
98 92
13 97
47 22
18 15
28 57
3 78
53 39
75 97
36 86
76 8
88 95
57 40
32 28
14 29
20 26
77 88
87 23
10 4
37 37
14 64
30 6
54 2
94 82
9 81
76 17
72 59
45 85
39 64
10 15
51 96
90 60
99 78
49 10
69 14
25 50
19 39
5 25
31 33
69 2
44 13
87 82
76 48
49 79
44 90
90 94
67 38
56 35
52 80
84 22
19 41
46 62
90 51
14 72
36 83
26 79
95 64
12 23
11 60
1 6
49 90
100 68
80 55
2 31
86 38
52 56
30 50
18 71
52 31
95 87
13 20
65 8
83 29
82 45
88 82
23 50
56 2
56 9
84 41
98 88
97 27
37 14
50 88
96 44
27 9
63 43
71 49
41 11
82 91
51 56
92 58
66 93
92 64
32 88
42 68
53 91
8 48
86 86
8 100
28 75
96 51
75 89
61 56
79 63
20 21
21 85
65 12
100 97
16 55
84 75
55 70
60 62
69 40
89 17
90 63
5 2
71 35
64 82
57 35
54 30
19 18
93 71
50 47
56 56
68 16
18 89
55 58
57 96
20 61
47 64
23 56
98 76
85 16
46 29
38 11
24 1
44 26
100 100
81 19
67 50
7 73
7 15
20 27
27 68
68 74
31 43
29 28
70 65
95 15
93 33
78 69
33 73
94 84
72 26
3 90
76 9
14 82
76 33
60 2
100 80
75 82
22 55
9 91
71 56
58 16
88 87
84 72
59 29
56 31
54 58
72 81
18 86
63 45
18 74
47 70
53 73
51 74
28 60
17 98
15 74
13 54
60 48
77 18
76 32
100 82
41 72
14 11
9 28
55 26
2 1
95 54
74 46
80 53
2 23
21 67
14 4
49 42
88 1
75 80
90 80
57 17
49 4
22 74
1 53
26 57
100 28
31 72
94 58
3 59
13 52
4 26
80 75
14 21
6 81
17 14
49 66
17 70
39 17
75 17
25 26
96 7
98 41
16 100
80 6
32 41
80 89
21 48
3 69
13 19
91 4
88 65
20 64
90 15
7 86
39 5
66 41
7 46
4 30
75 35
19 96
35 73
64 99
43 6
2 30
22 73
94 12
39 16
2 45
1 40
50 67
33 8
12 31
90 67
12 65
54 82
12 88
54 27
86 97
33 88
26 54
12 71
17 51
86 19
95 39
10 96
57 42
4 68
24 45
86 88
61 39
69 72
78 23
99 64
19 83
3 96
36 14
19 5
16 4
75 11
58 50
78 13
69 53
58 55
40 18
45 9
42 23
83 92
86 1
74 88
48 61
53 66
17 69
22 91
31 15
75 40
17 4
53 85
56 10
39 96
79 84
56 72
6 38
38 88
82 37
1 34
55 17
54 76
60 36
42 86
76 10
89 28
89 85
91 19
20 46
91 25
83 5
19 72
45 100
9 97
86 63
65 91
90 24
27 83
9 54
81 87
93 21
71 83
39 91
29 81
67 63
38 86
35 82
78 74
65 98
66 91
80 26
44 72
75 76
58 67
48 81
1 86
23 81
44 56
78 30
37 15
24 66
88 32
7 52
29 24
94 60
2 89
32 76
16 41
94 63
73 94
1 47
27 19
88 22
74 65
51 62
79 26
9 85
22 89
61 68
48 62
37 72
24 30
34 96
75 86
4 82
74 29
46 76
90 77
53 68
47 61
5 68
49 65
35 49
26 43
31 62
14 54
43 99
2 69
85 96
22 40
77 47
69 74
23 10
2 75
78 48
36 82
16 36
98 2
36 23
44 67
36 9
20 30
60 73
98 96
35 96
18 3
22 92
66 94
71 53
27 38
41 24
39 76
46 83
94 33
43 66
62 2
97 58
34 32
5 51
86 26
42 2
49 59
95 71
64 21
8 4
44 46
31 41
80 25
73 23
24 79
49 73
56 93
18 77
43 18
35 89
88 98
10 95
53 53
93 84
46 72
60 70
94 49
56 70
79 56
94 67
37 49
59 20
41 28
96 35
46 82
24 85
32 33
32 84
37 24
19 34
4 41
78 11
62 57
66 55
23 2
3 81
73 43
60 20
30 5
42 32
37 73
68 73
48 86
59 42
16 62
34 93
72 95
49 37
49 71
38 3
3 62
98 63
19 81
79 12
65 15
84 84
39 31
21 97
25 36
10 58
81 81
5 81
17 5
4 6
8 6
67 5
20 47
80 61
2 96
31 17
66 44
39 75
54 19
8 10
99 24
82 73
60 100
77 31
99 11
21 78
23 23
25 1
12 55
18 31
27 47
61 32
17 68
41 68
92 54
21 25
27 80
24 55
66 83
51 88
57 27
89 68
33 58
99 90
44 25
88 4
56 5
72 96
72 15
1 92
