25
24 15 617123
12 15 135550
7 6 846150
16 22 574176
16 15 728851
5 3 728504
9 20 980784
18 3 571139
19 4 682688
23 17 41874
12 18 739778
1 14 375096
9 25 145795
1 23 480021
5 2 208524
14 21 189307
5 13 317015
20 13 6556
5 6 550368
15 8 844214
24 21 660998
19 20 582377
20 11 522121
10 16 811835
50
5 6
18 20
2 17
7 12
10 1
1 20
25 24
13 21
9 13
9 22
18 5
7 14
9 5
15 6
17 7
3 21
12 20
18 15
11 24
1 23
1 1
17 2
1 6
23 9
19 8
5 13
12 14
2 21
20 18
3 11
24 5
1 14
24 2
11 1
4 4
4 5
12 1
15 5
8 20
17 22
10 20
19 4
12 21
15 12
25 23
23 2
23 1
15 23
2 2
25 7
