100
80 4 53
64 93 96
8 51 88
48 65 72
95 45 65
83 50 57
44 77 82
90 14 90
32 58 92
81 39 54
77 35 93
76 83 88
88 98 99
62 28 46
57 54 85
77 62 88
95 18 48
18 16 27
0 27 79
2 4 83
25 46 55
95 9 92
99 72 93
31 99 100
37 12 30
51 72 73
64 80 84
29 40 69
12 30 68
89 87 96
28 32 78
51 0 93
62 53 62
79 20 22
45 46 99
62 32 39
64 59 86
44 99 100
60 48 81
63 28 29
40 1 7
3 78 84
24 44 67
15 91 95
9 39 55
35 82 94
55 17 49
37 40 50
94 11 56
57 44 46
49 81 85
79 40 51
79 5 72
98 93 98
75 86 89
81 96 99
59 21 50
68 17 83
33 41 46
38 41 56
88 16 52
79 28 100
12 60 99
57 75 80
76 79 83
87 5 81
92 41 50
76 49 96
58 20 81
2 10 30
89 48 69
93 37 70
69 65 97
20 51 81
12 74 96
68 90 96
39 8 47
6 91 95
74 35 45
26 38 42
53 45 71
14 20 66
96 15 16
58 70 84
60 63 85
91 61 67
60 45 69
56 43 80
100 24 70
64 89 92
94 93 100
65 3 19
83 25 70
16 91 93
27 95 99
12 8 59
31 34 58
35 48 61
63 84 100
99 28 95
