100
5480 5537 7882
8380 3542 6626
841 8203 8768
3174 1902 9153
5886 8366 9109
9654 7946 9246
8613 6153 7258
6595 1278 9789
9531 7144 7912
7605 7943 8902
8045 6233 9067
8651 4821 6761
1312 7252 7823
3803 1652 7560
6438 2823 9685
663 2884 8325
3992 9704 9777
9917 3856 4158
8754 8908 9514
5317 4966 9728
344 2436 4819
4874 3054 8169
4582 3470 7933
782 4507 5631
9513 1306 2594
5579 330 5925
7809 9998 10000
7485 5892 9004
1636 1441 6984
326 9780 9998
8119 6516 8671
1822 8752 8913
9964 7476 8289
8378 6412 6780
2900 6243 7478
7432 9217 9657
9541 329 3666
3363 7544 8189
1406 9254 9679
8030 3401 4126
7516 4682 9959
627 2563 4574
1191 3709 8108
3748 9621 9761
6377 3730 4752
9082 4783 9036
3044 1640 4164
4914 3569 5881
4099 2085 4992
4572 1615 8230
3389 2056 3626
8249 2078 2816
7921 1453 7896
6068 7824 9399
2100 8966 9748
5141 2987 7039
3640 5919 6442
5227 9565 9833
9500 1176 2677
8218 6754 9779
8296 8938 9159
3126 5257 8026
5079 9532 9927
1236 2091 8812
2685 8053 8545
1635 2435 8726
8027 2030 4665
3098 664 3710
2155 6990 7936
752 6166 9275
4766 7525 9513
7271 4124 9775
168 8114 8204
1274 4747 5644
5928 6719 9983
8498 8344 9627
2110 9572 9823
5059 4475 8514
3197 6995 8260
4443 5723 6344
4254 9530 9601
2123 8906 9454
4902 7831 9832
2803 8250 9778
7960 3401 5198
4880 9703 9805
2905 7795 8437
3050 3004 4619
6993 287 5924
7854 5206 6416
8918 2861 7681
4910 7620 7956
7903 2555 7005
4417 606 2813
3742 9780 9981
1512 4470 8884
9399 2222 6134
2268 747 9549
1502 5770 8156
9018 5609 7826
