70
8 40 535354
18 26 616077
49 59 911036
32 66 635513
12 50 365073
66 8 629955
26 47 296062
56 33 194718
33 30 871261
69 58 551178
69 7 755049
53 24 940758
61 15 493934
46 58 832320
8 69 633503
46 65 619748
2 20 952246
59 5 756521
44 37 831950
7 35 958302
38 45 944363
50 40 630139
18 30 701453
55 5 3382
18 24 807373
31 70 763671
63 13 354327
1 13 851156
2 64 128503
49 4 243030
35 21 631105
4 16 478437
34 12 819704
38 8 511788
4 14 837376
15 2 782711
27 21 198790
39 56 889890
36 57 894439
42 21 86704
4 52 401081
19 31 726430
43 6 559522
62 68 69639
5 45 309638
6 1 962329
63 23 686238
40 9 99176
8 68 474965
28 9 794965
57 51 340664
29 68 900186
60 36 147373
46 53 744931
12 20 541279
1 55 63284
56 51 648863
22 21 40915
48 28 113926
9 41 819168
9 25 400952
5 17 374146
4 11 748944
59 44 857352
6 19 669242
21 54 49766
3 27 266051
24 67 110708
10 21 114789
2000
45 65
21 2
28 8
64 32
18 62
55 20
24 8
28 19
67 67
29 17
49 44
19 22
22 4
1 36
14 21
43 70
28 5
13 55
13 7
17 42
10 13
4 34
32 31
64 28
40 22
44 30
8 62
52 41
8 64
18 33
27 2
32 54
7 45
38 19
63 54
2 2
8 5
47 40
48 40
67 29
4 53
58 23
44 51
5 51
45 22
25 13
24 57
66 42
43 45
2 35
29 3
48 48
20 37
17 9
18 26
37 21
8 36
55 51
17 59
44 61
23 10
3 58
66 10
29 50
54 30
14 24
44 4
2 5
40 30
13 57
55 61
20 62
27 4
55 43
5 40
45 39
49 59
26 57
68 54
36 63
25 62
17 10
65 30
15 46
59 39
32 44
30 63
35 56
67 31
40 13
12 26
51 61
14 6
59 23
1 24
15 37
15 31
46 21
60 2
66 61
41 40
34 12
32 10
9 40
41 48
64 52
3 44
54 28
61 42
50 3
39 34
37 27
67 38
40 4
28 10
43 3
33 17
13 41
56 65
18 50
46 32
35 42
59 38
25 38
40 32
44 21
8 22
59 4
1 28
7 29
50 50
31 12
66 55
53 63
49 12
54 37
56 31
8 44
68 44
24 37
6 9
69 13
30 57
16 30
27 22
70 6
13 43
29 20
27 11
25 6
35 8
54 20
50 61
5 47
34 28
26 51
36 24
5 7
23 32
49 49
66 48
54 8
32 12
40 59
35 6
6 11
25 59
42 5
61 46
51 36
16 6
17 63
30 33
70 52
65 60
42 60
37 25
9 11
48 60
69 24
65 16
46 20
16 17
36 6
63 16
53 20
34 11
12 5
44 23
68 50
12 39
39 61
63 59
1 52
61 11
18 55
38 63
16 53
10 51
70 14
9 52
33 42
5 56
46 48
21 43
27 44
11 7
46 15
7 46
8 67
68 25
64 47
18 9
41 39
2 52
52 10
46 26
63 50
23 38
39 43
22 7
17 32
58 31
50 7
28 59
32 21
48 61
41 18
29 42
70 22
63 45
47 55
36 11
34 4
54 55
10 70
28 34
3 27
6 64
34 33
53 7
67 48
59 37
31 58
58 36
44 46
20 9
56 66
24 51
50 33
62 8
8 65
46 14
58 9
58 52
15 65
23 23
54 12
59 14
11 58
61 55
45 23
5 43
18 29
23 67
16 23
21 62
48 20
12 35
14 39
41 36
61 24
59 62
50 70
49 52
66 36
4 12
8 21
52 42
18 67
68 45
19 30
48 66
62 60
28 25
52 30
60 41
21 51
52 70
33 59
47 36
70 54
69 52
37 28
48 35
2 8
6 62
15 67
51 68
13 20
59 12
16 40
23 48
28 69
26 39
64 24
20 30
51 9
16 12
55 42
20 47
40 45
66 3
51 69
38 39
10 54
20 32
31 47
42 68
27 35
33 47
6 13
67 12
19 25
35 3
66 66
50 47
40 57
50 20
55 17
70 64
70 19
37 43
7 8
52 34
54 15
10 60
39 18
42 59
60 38
54 39
14 36
37 5
55 22
34 55
27 45
3 64
17 22
13 11
55 9
25 64
68 5
11 22
62 65
32 5
31 57
40 9
62 37
30 25
33 69
69 47
4 28
68 28
38 52
36 4
45 33
8 68
66 69
62 5
61 35
22 33
21 61
42 24
27 13
48 59
23 59
36 26
16 33
54 65
15 19
68 1
64 17
10 1
28 13
6 30
47 39
63 10
29 46
33 68
70 11
68 23
69 33
48 26
8 43
20 34
4 29
34 67
45 56
67 14
68 14
44 45
64 48
66 23
23 28
32 34
38 29
56 48
62 46
3 11
30 34
44 33
4 19
41 61
4 50
4 14
70 69
24 65
21 58
22 52
22 2
49 25
64 64
35 24
27 20
51 27
21 54
6 36
9 10
13 8
8 48
14 40
36 36
33 57
49 55
5 27
9 69
20 56
34 59
5 19
31 55
57 63
51 4
28 1
14 52
21 33
15 7
11 47
5 59
43 9
28 64
19 59
47 65
13 19
62 69
11 54
15 51
32 4
2 3
50 16
9 2
5 13
61 47
34 18
52 64
58 65
37 70
13 28
10 36
23 24
63 47
50 13
22 58
14 26
13 4
33 66
39 51
38 38
45 16
49 69
43 59
34 7
24 49
24 29
26 45
35 5
57 68
4 13
24 16
16 50
3 61
57 54
41 24
21 15
39 70
13 23
70 47
41 35
37 65
63 62
39 39
8 38
37 12
50 2
39 7
51 54
67 49
37 49
15 69
5 65
68 30
30 9
18 70
44 54
46 45
17 65
6 15
66 57
36 18
8 50
57 38
42 16
46 1
54 9
9 29
65 37
24 18
31 41
32 38
39 64
25 20
23 2
49 43
64 7
67 50
44 50
7 31
50 21
62 33
41 12
4 35
60 39
52 32
9 25
69 60
19 35
21 41
48 70
25 53
18 21
44 3
70 50
33 61
24 41
47 27
18 48
65 69
9 15
24 19
16 42
53 37
24 43
36 49
11 69
55 23
60 29
13 60
65 36
43 53
4 60
31 68
70 51
25 35
70 40
6 42
48 53
32 3
47 42
64 2
2 19
4 8
54 46
60 58
47 32
67 46
25 33
11 36
3 28
11 19
3 42
33 49
22 31
58 35
49 3
42 45
48 43
44 36
12 41
3 34
6 17
3 46
36 14
64 38
67 26
29 22
12 50
65 12
14 43
14 67
29 4
39 2
39 55
54 62
25 68
25 42
14 28
18 61
41 23
29 37
61 57
1 2
48 65
13 3
49 39
69 8
42 49
21 10
2 70
13 38
42 26
65 59
17 47
23 57
14 13
55 26
15 44
20 39
46 10
7 56
29 60
34 50
70 9
65 13
9 8
45 57
33 2
59 58
15 55
28 44
70 24
17 46
15 28
54 22
52 4
29 32
53 15
18 32
46 18
50 60
3 62
42 42
48 50
57 43
19 68
43 23
17 39
44 69
42 14
30 37
10 57
50 55
17 29
33 27
2 22
19 70
64 49
26 40
23 43
20 66
41 62
21 12
28 49
12 37
47 61
34 63
32 19
58 37
27 6
36 32
66 45
44 22
6 46
4 58
69 6
15 22
12 18
48 30
60 35
8 28
52 56
59 48
11 56
41 16
32 56
3 10
28 36
27 57
41 34
42 18
13 58
35 39
57 57
2 68
25 16
19 34
40 46
70 15
13 67
57 17
39 63
41 63
6 27
31 62
31 27
6 55
54 24
30 36
70 29
50 68
8 63
37 20
59 35
49 40
27 19
32 18
11 37
56 41
41 11
49 1
37 54
55 32
19 14
67 18
55 59
28 4
63 64
24 64
40 2
45 66
32 6
55 11
37 69
55 33
58 51
33 54
58 43
7 23
36 46
36 10
53 67
39 24
30 62
60 62
60 60
70 43
5 69
23 50
65 3
63 52
46 70
45 51
45 28
59 2
37 6
43 26
63 68
37 4
40 54
7 37
59 64
36 16
17 23
62 67
35 52
67 7
7 5
54 69
2 33
2 53
28 15
57 2
23 6
50 23
69 28
39 27
50 46
29 53
42 56
25 43
53 45
65 66
39 22
11 26
23 45
43 2
67 41
29 35
10 20
11 50
36 45
12 2
2 37
57 45
69 39
31 63
47 70
14 57
25 48
43 67
61 39
49 32
16 58
51 26
50 65
19 15
39 31
28 53
9 14
27 7
53 58
11 29
27 23
1 11
31 3
49 21
34 64
31 70
26 59
22 53
53 42
67 22
60 61
21 70
31 19
35 57
53 47
9 13
49 57
45 13
63 65
39 35
6 59
26 31
59 59
14 54
30 10
70 25
30 30
43 64
40 36
49 19
34 23
31 26
30 11
52 46
30 56
22 36
30 27
30 69
4 20
55 1
63 14
11 65
60 21
22 67
20 50
38 46
11 44
4 32
21 3
50 62
41 21
61 44
41 31
11 25
32 15
50 42
48 24
48 1
40 58
56 43
68 40
42 36
62 40
57 24
7 68
26 52
61 3
64 30
3 49
68 6
53 40
17 8
65 58
69 45
49 18
54 4
69 56
6 5
16 20
65 42
65 61
67 4
8 49
44 24
69 38
24 53
22 26
41 46
14 51
32 62
68 15
7 9
13 24
25 40
44 19
54 29
67 27
65 7
6 18
27 68
34 58
1 32
52 39
30 6
8 15
65 57
36 48
16 44
16 22
51 33
51 52
1 35
35 27
44 68
62 22
21 21
39 40
48 5
57 42
61 34
19 18
39 69
8 31
50 8
65 14
47 38
12 15
23 52
16 41
47 54
10 24
58 8
65 49
41 25
8 59
70 59
58 19
19 37
26 26
5 4
28 28
18 17
66 27
52 65
34 46
43 16
12 63
5 23
51 62
41 69
22 41
47 62
68 56
39 38
67 69
67 62
69 1
36 53
16 47
45 32
23 40
36 5
60 1
48 12
15 50
10 53
30 18
22 18
15 20
30 50
2 45
39 47
7 38
19 48
45 9
61 23
32 43
59 46
40 52
27 33
67 21
13 69
7 63
57 25
42 69
66 60
59 52
10 49
33 16
40 55
25 10
48 52
54 66
41 45
29 38
65 53
48 13
45 34
38 16
22 42
21 67
57 61
51 24
12 29
36 57
51 64
58 13
69 32
59 44
10 6
5 48
56 39
31 6
35 17
8 27
52 31
67 68
37 33
38 20
3 26
45 14
69 44
49 58
17 1
5 34
7 48
36 27
57 13
27 24
57 23
52 24
43 55
61 29
47 31
64 59
52 7
8 58
66 56
14 11
15 13
35 41
36 21
57 60
13 47
18 22
48 31
22 24
61 33
16 54
67 55
26 22
8 40
34 42
23 69
5 28
28 3
17 40
62 39
6 25
4 67
57 32
62 20
40 64
61 36
48 16
58 67
68 21
39 32
32 55
69 17
4 43
39 9
67 43
17 66
16 21
14 5
33 20
70 42
52 50
3 13
46 3
13 44
31 53
54 34
67 1
29 12
21 55
66 34
2 28
36 34
59 47
5 41
26 19
65 1
21 8
2 18
26 38
42 9
1 38
9 41
49 41
38 56
16 39
26 64
2 14
40 18
8 10
10 64
2 11
23 27
48 64
35 61
31 56
43 21
38 10
6 54
59 61
57 40
20 40
47 9
42 67
18 51
53 1
21 44
39 48
11 27
39 67
67 70
48 55
9 20
51 38
57 3
17 31
65 45
52 47
45 70
25 7
56 13
45 24
63 41
63 1
52 40
55 2
40 1
41 26
3 70
68 67
56 62
61 21
49 46
34 35
12 36
31 16
6 23
63 24
1 63
1 40
65 65
53 4
3 38
10 68
20 59
55 65
35 66
30 66
23 47
45 10
4 45
3 16
14 7
11 20
2 63
43 30
15 52
27 46
52 12
40 17
19 69
12 54
45 41
45 19
51 60
6 65
6 31
1 16
21 28
42 63
56 26
43 38
66 67
10 7
50 66
59 25
45 31
62 58
59 54
13 21
13 9
47 12
46 42
9 67
60 70
62 49
29 62
60 4
46 27
54 68
23 8
18 52
50 64
6 37
34 25
37 37
15 3
66 44
6 56
59 51
48 3
15 36
29 10
18 63
66 35
11 5
29 56
42 65
23 56
9 30
27 29
7 17
31 21
52 2
42 38
52 59
43 47
33 5
44 44
20 5
35 30
1 14
7 43
34 70
44 6
50 26
6 22
14 41
4 47
45 59
32 65
7 58
3 53
29 11
43 41
24 62
26 70
17 52
48 22
15 62
4 30
38 60
18 69
55 31
12 65
52 66
12 22
6 67
63 30
70 30
29 2
66 18
9 12
64 58
42 62
6 60
70 10
31 69
51 1
57 20
37 64
53 57
56 30
69 53
12 69
57 29
50 30
22 47
27 38
67 32
7 35
13 10
63 40
5 16
39 3
45 38
10 10
66 39
42 57
67 36
26 30
24 52
9 57
6 6
52 43
33 56
25 37
39 57
42 40
35 51
61 30
28 40
21 53
47 7
24 15
5 17
57 37
15 15
15 53
34 47
6 34
3 18
4 16
32 58
2 25
14 58
61 27
41 37
69 54
35 33
30 38
68 48
1 65
22 16
25 61
6 1
27 26
27 52
49 37
68 20
16 67
41 44
17 38
21 30
33 43
45 69
38 51
15 64
18 24
21 68
58 47
67 11
32 37
67 61
4 17
20 48
1 6
58 46
38 45
30 55
64 55
33 6
43 29
46 39
52 19
17 48
21 32
6 40
57 9
64 6
46 43
50 5
27 60
44 35
17 6
39 28
45 55
47 37
40 34
51 21
17 30
37 56
31 33
22 48
22 10
49 61
68 13
31 37
43 11
53 35
10 3
29 18
57 10
8 47
25 9
9 43
69 7
67 20
9 26
43 31
11 68
15 10
19 12
70 2
64 36
70 31
38 11
37 34
30 45
59 67
31 18
41 4
49 26
35 2
26 58
9 37
5 22
50 48
63 29
58 50
42 22
63 63
50 36
67 51
49 11
3 69
24 55
31 31
64 22
15 41
61 56
4 54
13 40
55 21
32 46
31 34
56 55
30 54
14 4
16 7
25 36
62 9
59 6
61 50
61 7
38 57
9 50
38 7
46 67
60 7
52 15
22 9
21 47
56 12
67 45
5 10
18 27
47 26
7 14
32 52
10 33
1 3
47 22
24 9
10 9
65 62
23 21
51 47
5 1
39 66
59 45
9 33
65 51
14 68
62 24
7 24
41 13
15 57
55 50
26 36
14 2
44 38
44 18
33 70
16 24
35 34
46 4
4 42
31 8
64 68
58 56
8 2
69 51
30 51
62 17
15 26
50 4
42 37
20 57
21 63
22 20
12 49
24 23
29 30
10 65
49 13
23 5
21 22
51 40
20 1
53 41
2 15
42 31
37 66
9 60
30 49
20 35
36 41
30 26
54 64
42 33
66 4
66 46
55 16
58 38
68 62
18 49
41 55
44 49
44 15
27 5
49 4
41 41
14 25
15 9
28 11
66 13
38 65
62 35
56 56
45 3
34 16
57 19
6 43
33 45
48 34
4 56
55 19
64 12
41 1
36 20
65 27
66 62
65 70
55 63
19 61
35 63
57 59
21 50
4 3
50 39
22 57
8 17
48 32
56 54
54 31
58 11
54 57
11 62
59 55
34 56
23 25
37 44
23 44
2 13
5 57
66 47
39 42
38 23
7 33
53 64
55 49
40 38
50 22
20 22
7 26
41 8
65 33
17 12
10 23
28 29
64 20
69 15
51 28
20 53
25 39
8 25
39 36
49 48
70 34
63 27
4 57
43 57
55 45
20 16
54 35
9 61
64 69
38 5
31 36
29 19
4 1
55 13
69 70
1 48
41 22
32 63
62 52
5 31
58 33
61 4
46 65
65 68
51 23
34 61
22 34
39 62
55 12
5 37
42 54
6 4
49 5
21 36
11 34
4 18
43 66
40 6
51 37
64 35
60 59
22 64
26 63
46 6
52 60
11 42
7 16
30 14
66 28
64 9
11 53
46 35
1 25
26 62
36 31
34 54
58 40
6 33
18 35
46 13
62 62
70 12
61 67
70 3
6 14
67 40
9 55
62 63
65 63
16 61
38 34
58 60
18 58
5 66
24 10
9 21
49 30
17 69
48 45
37 55
40 51
1 8
9 44
45 25
39 11
35 60
43 25
36 3
47 34
64 26
18 37
25 44
63 26
25 14
69 11
38 50
21 14
51 57
1 49
40 48
13 34
15 30
38 37
4 38
3 9
34 62
38 13
41 70
27 21
19 9
34 19
58 3
8 70
36 22
29 48
52 8
26 68
18 38
63 23
43 61
37 3
70 70
21 69
15 29
62 38
39 44
46 64
53 32
69 42
62 51
27 69
1 5
3 19
62 12
38 36
66 20
68 29
18 15
43 56
14 48
60 14
52 6
47 66
24 38
33 67
36 70
45 43
32 42
14 62
61 25
26 61
53 55
40 19
14 29
32 7
35 21
58 20
32 2
36 38
17 53
4 68
1 17
65 48
2 64
67 59
26 37
34 57
50 40
3 35
59 10
22 45
12 1
40 16
44 25
26 9
56 52
26 65
52 51
49 22
56 44
30 32
6 41
68 43
38 54
9 6
37 59
28 62
65 10
37 32
1 21
12 56
6 2
5 35
18 31
3 57
62 1
11 41
2 51
44 8
59 57
58 1
54 6
40 70
31 28
14 45
15 23
68 18
58 49
70 32
56 1
1 54
38 59
26 32
23 68
1 20
25 12
13 63
6 50
29 64
23 1
20 45
37 57
18 59
66 19
24 54
65 31
12 7
36 30
69 29
29 27
34 51
40 65
63 55
6 58
3 41
37 35
29 8
42 52
61 68
4 5
24 14
45 52
52 21
7 67
31 66
47 6
23 30
3 63
25 18
9 48
16 15
33 22
1 53
58 48
66 70
23 64
54 60
41 56
20 3
46 46
11 1
55 38
36 42
16 3
14 70
11 21
70 46
14 53
35 54
30 70
18 68
51 7
11 61
7 7
41 54
49 68
57 4
67 9
24 66
48 18
32 28
14 30
14 55
45 40
65 67
42 13
15 32
13 68
10 61
18 53
37 53
20 38
53 6
7 47
2 61
14 9
26 18
40 40
61 52
50 12
54 7
1 19
55 37
13 16
21 23
42 35
25 55
51 39
5 3
70 23
23 61
46 7
58 16
45 1
8 6
26 49
40 50
61 20
10 17
69 62
26 56
15 5
31 52
21 49
31 67
68 51
70 57
26 21
38 1
60 5
69 21
12 42
67 54
13 17
44 43
25 41
35 28
53 34
14 8
37 51
28 65
1 51
48 25
70 1
68 8
54 10
11 70
47 5
55 53
13 66
3 48
31 50
16 37
40 24
27 12
11 10
17 55
54 5
1 70
50 58
35 69
43 62
35 25
28 42
36 66
45 64
48 69
60 31
43 8
56 36
25 47
60 25
4 25
49 31
