100
Spencer 95171866 76805512 37739787 16914780
Cesar 81600945 73839837 25911818 97787944
Fernanda 93160756 60066818 79444950 68520793
Shark 23983790 61551080 46557782 69681076
Aaliyah 97675175 31573898 61198632 55972160
Tiffany 61195009 49541018 38107646 2709303
Zane 78867778 38525914 17940744 12665849
Proton 31412006 70376281 97659700 68155775
Rafael 67713529 64525889 72494993 46795059
Bryant 2799191 57010342 43192320 24276254
Erica 59961847 97238366 62265604 7654710
Caspian 57578545 65261891 55479983 76225886
Shark 19966783 2256328 79209539 83473919
Nehemiah 56936269 8928164 9467127 94079854
Dwayne 74957777 41596456 88483371 34350651
ProTan 75254172 51381053 40941029 58211442
Harley 92448144 21962775 16219386 4266048
MrPanda 93214201 69937519 13097473 9962898
Fox 1276892 41637177 800099 89520645
SJShark 28746306 23630308 28885192 95195094
Nataly 10099992 82177228 36320307 32981964
ProTan 6770311 44696229 54392783 82033462
Panda 82929515 64075690 68485270 37180737
Belen 88720501 41010867 73419336 95514187
Kaylee 15739099 77054745 83651546 437092
Zayne 59662106 49523946 70312397 69272455
Elianna 86347022 39539087 78096217 78339547
Rylan 57971822 51341527 6386444 74109203
Zaire 67540567 73893406 84533588 7595985
Josephine 86138323 92537912 42032540 13159472
ProfTan 23189531 65078987 6720314 8746921
Aria 17875085 49044877 79350576 6983048
Heavenly 22365755 96832629 45447772 8426205
Danny 69591909 81930020 33897473 51970742
Lia 65821257 20366180 27440916 66195929
Celine 48968176 83617797 63138424 64351340
Melody 39267385 6859626 72532178 46612367
Shark 72389852 96794994 3794982 83699594
ProfTan 9102696 36713683 48800714 49430397
SJShark 37592738 76952449 64710027 79274307
ProTan 78977988 12785820 45632623 21566375
Hailee 27124644 81781152 51224560 81790353
Chris 80533920 50520773 93999438 2577983
Atlas 49043201 24779679 94276274 43803411
Lainey 67952380 65853431 74619264 43768240
MrPanda 49740945 45323710 69164300 62112677
Rar 836220 30770057 26687975 65433605
Shark 53623951 59173480 94085169 47369087
Zion 32130412 86388340 91201003 20401987
Grayson 49574390 82001019 13778835 35080296
Luke 41823395 28676692 88908949 6049216
MrPanda 33027361 89824398 26833214 24750945
Shark 21344244 49918290 74172204 55926605
ProTan 19933146 24865492 99718945 62257809
Rar 66022735 52278546 11588943 75659374
Zyaire 57140768 58650119 93634165 66571354
Jordan 41307031 52455849 19926896 15138597
Shark 79298843 53196632 56703596 32199375
Itzayana 35009923 36103406 72888124 87155440
RartheCat 46069865 92430041 40721439 4099427
Marjorie 86740876 70816333 69316237 52035435
Nala 62691054 94662612 44176677 85374090
Panda 63687721 23464765 13711958 51393326
Proton 17303392 77819353 7721161 86834559
Heaven 75094153 8805828 97483548 81972676
MrPanda 40478365 21066432 3836460 69497828
Stefan 47653117 58937632 67700624 45468727
Westin 85221290 91942920 87121788 87988467
Gideon 70921327 29381709 66429153 61671811
Julieta 89368869 53089954 35356843 99084768
Proton 31847323 98936948 74914670 42607204
Ryder 25784229 61322936 45863566 4503032
Oliver 1387133 85690292 18968226 71598773
SJShark 34020900 84896322 16536184 69388027
Jazmin 88676078 10515799 92444600 37586124
Grant 43324176 63973702 43394474 14183812
Shark 92511589 89418835 97275969 29158164
Harrison 55328996 45069741 14094696 23434372
Fisher 14027234 898066 78289417 2124887
Lina 89342402 1507935 28226431 49887740
Proton 52043025 10119323 46648200 86754983
Milan 28949863 28184275 81096302 8259835
Jenna 60895165 89034293 81224446 64431587
Jocelyn 48144518 49591588 94489531 96603448
Sadie 35117756 41540659 28467799 16607047
Stevie 33575098 18539184 25795566 39229047
MrPanda 96515562 47784475 40941902 29324886
Alec 50376303 34077725 16656857 91577788
Paislee 14857433 47730052 98083786 20340987
Clare 26421671 90754023 7541042 74571549
MrPanda 73593244 27979321 87656289 19966506
Proton 29020759 33861391 57348377 86335201
Panda 5312560 23128909 92995141 8816948
Zip 93928376 16292143 41242211 53800863
SJShark 70797619 88447440 2720347 48605469
Shark 91090211 47127161 97255264 18514817
ProTan 92104686 57350996 86040190 61682615
RartheCat 59447441 51113601 22329986 4427284
Gabriela 93388096 50155142 5192431 36998052
Kora 21745079 54747187 59474596 5858126
