10000 5000
6117
20882
12851
12917
16332
12711
36899
6958
8799
5104
24147
27151
5896
9209
31202
39628
35956
30950
25951
34801
24603
38617
748
20485
12311
37226
6903
34585
15439
19409
12468
21556
36642
25318
34472
12974
38029
31370
16283
3179
32825
429
26681
38720
5990
14234
34699
1945
1536
20649
36746
26138
19266
37493
6622
27928
31070
9876
22512
6509
29284
31331
28064
22278
16649
18887
31603
11029
10256
7885
10559
39432
8314
37239
34503
10655
7824
29201
12599
9359
9849
5696
31848
25466
39540
38469
13393
30610
8345
32256
33470
33980
23587
17885
12609
36587
36771
4211
3967
3378
12096
14525
2809
16761
8115
37311
27415
12290
22863
36365
21649
32711
38413
13496
18177
37952
8317
27921
28561
13013
20177
18382
3344
115
36266
15953
36701
29388
20163
37019
32765
28610
11543
31925
1722
16009
25587
25488
28298
8449
21853
6298
37512
20265
19794
15688
18216
24462
39960
3129
37474
16488
17862
817
16602
14128
13121
9654
3515
33284
6672
32632
18245
14566
20908
19967
30574
6495
5454
15224
11295
23658
21521
8806
3922
37666
24493
18490
22127
20805
17970
15952
37292
35831
16769
10246
6310
29889
19899
6177
19524
22923
38808
34121
37488
19715
14087
24414
22561
15892
39637
33856
39550
21157
2661
39823
18823
23506
14664
37301
4310
28985
13253
37953
24816
26373
8198
27477
12613
28097
33653
28489
11019
28812
22609
4858
8527
36695
29271
27439
8938
28907
21294
8487
6416
20307
4662
21590
3812
15677
18890
4473
4662
28494
2425
25829
11218
6975
13305
23831
31423
6958
12319
38793
35769
31279
3650
647
27973
32921
24438
33262
18179
5731
38101
24594
22389
2762
6183
22552
14790
21425
27024
19451
6270
25801
5279
17488
32775
14936
37670
24197
18245
6340
22989
10365
37618
26638
7364
21942
15910
31801
15203
34089
33883
13303
15034
16272
12416
17569
38823
27206
35345
22199
3008
1614
4351
4639
15453
37125
19574
9474
17673
34170
15813
661
4534
9782
23650
11897
31723
39560
49
3278
30000
33932
12932
5033
6555
25348
18953
1729
8905
14297
23927
8264
15911
28277
12902
27715
21753
28827
37189
39425
22996
9353
85
23882
19135
20087
32130
10857
15998
32179
14134
5997
26110
27066
7381
29016
8765
26334
30744
14021
630
14671
22284
12892
39299
31538
36959
21052
20364
34147
20476
39712
3499
16913
23593
18985
33351
15722
29842
9348
4252
327
11696
26713
23744
19076
15728
28860
1761
6472
39232
38743
21142
21516
11634
16792
9405
8592
37843
29768
39090
14671
29479
38941
27935
9423
17925
21285
21497
4118
30632
25748
797
2327
12461
24540
17754
28188
9752
19515
34659
8983
18257
12152
26850
26242
28944
36254
31186
23138
22374
26627
37808
8204
25567
25742
17627
39844
7026
39123
313
34009
24870
1109
36335
33682
22001
10441
21870
31752
29955
12880
37086
4563
25032
23936
27156
10327
16541
18341
33464
38914
1320
27624
7118
26886
9717
24744
23081
13095
20218
23394
7103
1439
24502
39790
35121
2854
10230
13342
34605
36536
26221
31691
37450
7604
11978
24605
17930
28518
39298
7746
27432
617
31721
30901
23854
1437
15644
3287
10883
35861
26680
14338
33651
7533
14127
28771
10387
20708
2112
1343
13595
24685
29385
11044
32288
1362
32000
10218
26232
31297
14315
10015
28265
6035
915
8471
3823
16558
11757
14706
8770
34788
29043
38772
2320
39521
27543
9058
20228
26006
6753
30174
10690
36137
1217
2978
33851
33216
9547
16434
20865
23861
26448
5481
26247
27362
13951
30069
271
25707
4774
5392
20494
30168
4163
19166
29688
28057
24575
6267
14063
31327
36440
21104
23816
34008
24081
14018
27224
33627
30451
4440
13839
13250
9920
85
611
20223
30154
37233
5929
31279
38976
22775
21447
39490
38292
7486
27547
19218
13753
37961
6897
6544
19064
30712
552
39497
1081
24127
29475
31531
24918
39666
4780
34837
39750
1742
15059
26255
35326
17340
13886
34301
36466
31684
30142
34757
39169
14040
13974
9273
12000
20870
12169
27416
7933
12720
23264
9013
33198
9090
36895
18115
8755
38026
9303
4857
36119
20714
31111
31444
38053
1348
22096
34518
33031
8590
25626
32200
22629
35951
37824
30981
16821
9992
18396
21105
19063
38011
26470
12260
7100
23364
30374
12207
17742
39677
17063
13860
20390
4525
1656
14794
5873
20103
5663
38903
28692
27640
27454
11321
23590
21630
2301
36762
31621
17048
17867
10684
15058
4336
19295
18509
24051
9669
30715
1792
5697
4129
15652
22438
8654
13659
33583
10878
33761
39245
6132
22453
26884
33586
33773
6825
15215
36073
3587
3187
9472
21453
10222
24529
22140
29517
39389
6190
35537
26456
4334
1233
30584
16337
20022
35589
29995
13604
2818
23755
9200
8950
6207
32435
2535
39979
39259
14101
32403
39197
13639
1874
20649
20213
22754
39140
9729
18495
1682
1617
4950
6015
39201
31885
22351
19222
23826
12345
29177
26643
36099
38376
35592
38658
27162
34478
34988
22772
4930
27391
21969
14921
25616
38969
35133
4722
38109
1213
19568
39790
2829
24517
2156
2029
12753
20858
17602
32930
29554
3130
19573
22004
37857
11516
20661
25018
2346
15649
7789
7275
39391
29757
18547
21358
28726
13679
22431
23186
14891
1998
19327
14071
22866
17834
12451
35619
38691
26404
24900
28244
29533
4472
10247
27389
12340
30908
8758
14685
2908
12899
18311
38650
39007
36858
20007
27732
6888
2438
7269
18131
4435
26595
32201
23653
4428
1004
15623
3118
27407
522
27713
13292
4994
37960
37032
17333
25219
5790
28369
24478
15040
6679
23127
14046
3536
39485
1778
6776
1922
5398
24906
2709
31993
17106
22713
32772
14461
38335
32242
1868
38856
19954
11511
201
14265
8542
13885
35835
14331
2253
16664
29370
5284
39790
39768
8819
39275
37897
15594
37548
3294
36851
36608
35286
13957
19320
24410
24769
17654
16651
26636
16510
32956
38146
13062
3573
3040
26947
39407
13722
29199
16071
39444
30834
12212
39211
39653
7838
37107
11598
1738
400
4801
38345
32038
15109
17665
16447
39877
31670
29449
26513
4531
22404
21010
17593
25976
24049
891
21735
37771
26441
34157
37214
17275
6368
36424
13279
10558
29882
21228
12295
30281
26028
10639
22318
1136
24655
35116
1013
12677
24564
23877
13559
6968
1238
31151
29295
25287
28393
11029
19409
14834
5185
12974
32108
7905
5749
5386
14814
35630
26613
27108
22262
8993
34098
4580
10128
15105
39695
11140
24133
24259
35016
37691
27578
36254
28842
16872
17892
13586
24253
33652
28419
25789
2977
20526
33693
5077
22263
4858
706
5228
31965
22967
14220
22415
23898
20699
33871
19945
31839
18003
555
23206
15693
28132
15811
886
1355
30054
14472
25607
20057
2890
11396
23033
19768
1440
28109
38382
6298
25166
3609
34614
4485
14180
13380
24734
34879
7250
4678
23069
25252
5232
2626
945
29715
14789
38182
31070
1194
12653
13028
21251
11895
24423
635
31662
22215
28744
30043
24864
10261
30004
19477
11097
535
32857
35831
31765
36458
36860
11185
21710
38444
13811
19006
28158
24951
17187
19227
26144
29840
28607
7394
1734
13029
8029
29747
31595
33124
16141
16458
39736
2496
35935
10833
39383
25143
3015
31147
21600
39874
2332
3309
38317
12494
18666
26475
37444
35853
2053
23587
22044
30659
27333
20129
40
35361
9875
31634
24836
22367
8092
24571
24863
378
35403
24245
25520
34769
11743
3471
34643
14074
3132
32959
22919
21797
15785
20362
14001
14190
301
36044
1200
23985
16172
37591
19345
22398
25577
532
4765
33668
25102
25979
30397
16857
10223
12268
11625
18317
15738
2619
28743
15221
31930
11661
37018
4066
28375
7370
14607
28675
3414
15807
12659
15937
9749
28355
38335
35325
25238
39451
28992
6691
25429
15740
19899
32003
28007
27876
6671
97
30494
35413
15317
22423
7074
8686
22841
35448
16056
37447
20474
15821
13253
29484
31757
23002
14190
26443
14678
39427
22245
22
2469
4025
15761
22368
32379
3768
10243
39050
3864
736
34462
15532
19511
1535
24218
2351
33334
273
39797
10159
16093
9402
39642
4201
28755
10183
26996
3432
5961
9240
3453
8430
13265
19214
30797
5643
19333
37391
4692
19548
38126
35506
31431
13988
37040
15648
16338
26726
12272
12487
36884
24716
21888
32878
28917
6994
3060
15912
10425
9021
25151
10230
13802
34767
25795
950
410
1479
38340
1453
17378
36465
36958
8808
6805
30350
24456
23142
17075
36727
31980
13958
21443
10219
6835
6711
17212
6247
18974
23989
11619
4124
34218
25420
35243
16364
26369
35652
17842
24708
33456
35219
17524
30414
4026
24328
20763
24833
3822
34189
17912
35801
4498
35706
2372
11333
2416
19583
13931
21389
3571
25549
21864
34140
10968
17106
6855
37336
9109
24696
18395
2565
16266
35918
29330
16644
16598
10092
1476
20419
632
15739
12571
5129
11444
14942
12813
13859
30877
26743
31599
30799
12291
13463
21291
23258
26920
28145
16945
36029
9193
35339
38593
21810
27609
27922
38453
4206
34365
36281
20976
31348
12019
29898
36476
23463
1192
9289
33673
32068
32383
21624
19218
4674
31438
508
24283
18357
28653
37580
14385
34197
32918
9329
16006
16878
33602
10811
17435
24318
7091
34762
15665
15461
21012
8493
35275
22203
14133
25300
10622
6515
6923
29839
7540
38360
30347
31823
16716
15351
29402
27453
5899
18671
33133
21904
31901
23087
32714
9335
3756
36156
449
19421
11617
21460
24265
3243
3662
38397
28542
14283
1263
35464
473
8803
33823
30819
625
6891
2521
26378
30695
8419
5048
20179
26675
36948
3265
19388
2635
7021
11896
3083
22793
19864
24542
7057
23106
24555
1805
11648
35189
3067
7111
35661
8221
37286
22832
8845
528
25352
31574
31222
30123
36622
11400
16797
29921
11017
32536
28907
14389
4431
31989
37181
24294
12882
589
7400
37436
38745
19047
32624
1811
22509
24637
6384
16146
7468
11580
16673
32819
3154
4246
19293
36127
15646
36089
26047
23014
28625
11306
37402
29407
39646
30934
13701
12528
31522
17452
6315
30266
32850
35291
28428
15358
19927
31163
31504
27394
2743
8176
16564
5896
12422
35857
2022
24419
31945
24420
3784
16921
35725
37537
6328
35371
28470
16380
4250
16343
33831
6916
6608
26680
2206
31387
38389
18484
22550
26244
5877
21644
30772
22441
27539
39545
14649
25912
20315
2945
10331
24098
16218
2408
21634
22545
34130
10103
35276
34731
26445
25458
1646
29404
12137
3852
17142
6877
22335
36043
33121
24564
17686
23892
3356
1576
19788
18004
27487
102
17300
37818
24199
33517
36577
2184
12413
30706
8638
7688
25436
31434
33145
23433
20837
1633
27284
34330
4862
5971
26725
37982
26886
762
18225
30241
2338
38012
4596
29824
38113
21895
23993
18663
15412
16921
20846
24176
3978
25835
31864
25765
17268
21360
9198
38104
22993
32833
28785
24206
35155
15509
22187
22040
12623
36763
12280
14960
31126
13227
1135
25590
31474
21480
4252
3237
38400
21449
27412
2378
7283
19275
28142
24550
36987
33691
19005
16331
26524
4141
536
21678
16002
19074
3718
28624
15836
12349
3583
6961
21928
1069
32550
13401
22548
33153
16637
17300
10953
4048
16029
14587
19675
522
35488
13013
34213
14492
29343
20736
14984
29878
38765
30985
8951
38834
19608
21138
7535
19542
28098
29462
16963
16999
39214
39510
6503
12202
13161
13807
16249
29189
28393
32275
29711
23880
1639
23923
34723
30981
1010
9706
17210
39774
37043
26160
34960
13002
3649
2494
32544
28098
28307
5858
1448
27520
1719
7950
39721
14880
21756
12321
4068
6500
948
30130
26731
2586
14052
21453
29919
11413
27511
7128
11187
20905
29640
6146
33906
33288
4991
22801
21386
33297
28658
22833
20816
30377
27135
16888
5256
5242
29208
5675
8094
30155
35805
34824
29093
6208
12629
19011
17621
36491
26138
25159
17395
12129
27656
11300
5417
28998
30453
23154
22294
19110
2338
39461
9486
25824
16348
11093
31066
1907
16768
39159
28414
8924
30334
17506
11483
2962
32868
25455
39452
15357
10613
13198
27486
34620
20850
29254
23617
11302
8759
2262
30411
11096
1722
36249
36920
14421
7341
24337
16328
20460
19847
4741
25735
10180
18598
37218
13142
11465
22672
8945
26821
29637
22143
14306
20608
2992
39911
4225
14293
8669
2838
1055
19765
4560
37303
13036
18980
996
37372
31659
17807
13570
36399
3542
23749
14996
37111
33242
22812
16134
2187
9633
5770
20681
20290
26378
23672
20201
26954
34316
25221
26143
31722
1337
30702
25377
14372
6034
26372
8095
37692
530
21664
30443
423
1765
1790
37533
35006
24602
10019
37192
34234
15788
17872
10875
38517
37895
27427
21822
28562
12648
7965
20284
13984
35018
5660
24708
1051
28383
32802
35095
25264
10818
21889
25687
12582
23678
19571
7587
8279
29589
1131
38864
1729
19002
9739
245
13249
37165
18419
1810
9812
22735
18445
20148
17752
24104
4855
15155
8838
37656
6601
34102
4825
28489
19788
17406
12166
35710
21345
16797
25299
22475
15660
27027
37828
21750
23623
11076
18915
2041
12886
25078
24775
31330
5225
38879
11786
10079
14033
20623
4087
16985
11076
8911
5473
27215
22669
17638
22925
4013
30786
8223
22839
6446
31601
20666
28195
15223
31742
3461
13616
979
28539
34742
28660
30115
33620
445
194
4004
17420
632
20988
24847
9542
22812
12062
28562
36802
34986
32574
27587
39560
15412
30384
31160
36078
18579
2734
24171
18391
16349
25149
6929
7443
13808
33396
37414
10605
29941
37770
28024
30572
15109
12870
113
37921
21283
25027
34722
16268
17600
18660
12179
29364
9044
3338
21793
27622
6072
5963
6012
18772
27463
9293
22566
1270
39040
19980
8226
28980
17749
36249
19551
32857
5471
16015
30777
26753
1041
21850
39373
14993
510
11551
4356
9553
11241
22500
33526
13664
28462
35889
28787
12276
1533
11353
13545
572
31332
21771
29551
5432
14371
5453
38288
16193
21468
25417
39298
22508
3618
35022
33852
4127
2924
38207
10031
14164
20706
39908
24179
5519
35797
12966
17794
33681
24318
27691
34253
12001
5813
20155
17432
20183
25608
12071
32728
7075
33839
32025
25934
37457
27046
19786
37935
26321
14344
7966
485
31402
7873
21015
33272
21
33980
11066
33702
14649
35108
24306
23001
920
4460
36784
17454
30067
8855
6533
33493
2693
38557
15779
149
21954
31916
38084
8275
6259
2401
5111
34012
10273
22477
27284
6646
12809
34701
347
27457
29808
24652
6810
27079
25463
3593
884
15530
8799
7417
5374
11492
2325
17504
7992
20631
9419
6075
28905
12030
4827
30367
2393
11452
12843
29676
18097
25651
20728
18443
9460
6887
39446
12621
30317
24908
16213
31201
36789
25012
34969
2163
32855
37293
16018
846
17923
25437
3273
3179
33818
8099
29897
36210
19550
2740
22238
37646
24742
2965
12440
30553
9852
11885
3173
168
33145
15738
27720
29933
37101
22688
28447
29955
19981
4465
30800
34255
26253
34072
37434
20070
38523
27330
16279
18072
26421
34868
12070
7515
37833
24509
38067
4036
32746
37592
4203
25890
13329
28275
15822
10429
10962
621
383
30942
5085
27534
25197
31337
17958
18982
7758
16480
2663
20388
30903
29084
15256
2972
36598
9440
23833
31016
13475
16578
28607
14029
38819
1935
2303
10992
12363
13265
11612
9097
558
16696
36631
22106
4384
14588
37439
8493
27419
102
28881
18321
29185
488
17645
22134
9927
1477
13149
23401
14406
1756
37429
9576
3690
36084
20567
12405
9348
32179
21501
6257
5226
14483
24715
9610
29070
22153
18102
12840
22254
3334
31161
7790
3821
5157
29923
10099
6633
3072
33499
17390
4827
27280
26965
4868
23363
7531
17272
29062
36061
35125
35318
1287
9607
16384
10896
35029
38537
25349
7868
17142
25035
35380
24932
25207
536
14854
35306
3520
14277
28804
17261
19103
12435
4225
20323
35797
8108
33946
21210
4168
25422
12880
5454
35029
29263
12701
26409
27799
34402
30628
4941
19436
22360
29872
4642
22895
1077
39947
22767
15354
25103
27
30808
37537
604
11130
29686
5063
1428
10895
9230
26849
23774
11036
18229
13037
20088
989
37187
10841
31617
38479
30276
13976
24702
31270
33222
25779
27568
12340
37484
9022
8719
28291
2911
9322
35773
32596
14384
33552
39842
19965
20400
23616
27352
34981
33004
3792
35969
26542
14632
27585
25021
1260
37912
9722
32529
27486
31852
16448
39825
25687
21822
8543
13978
24732
14216
6102
13679
24951
39653
13520
1268
16404
37135
28619
11384
26490
28762
7353
13032
3394
31289
38052
4653
25553
4125
33533
13038
32329
6332
9214
18015
28153
17757
28344
12884
28324
34445
26562
13275
30449
36434
14542
3205
33568
39512
14588
16410
28274
18292
29441
28019
5933
27492
29023
31485
27968
22555
4522
20296
28886
13735
34663
13391
27843
23006
22626
16167
13803
5540
25793
603
1973
36686
3807
31892
32549
14747
8301
17174
29390
37741
5192
35322
21584
34214
26806
5904
13120
27679
26199
2006
37766
20861
11748
21960
219
34373
34478
14021
39912
20270
14623
38236
13307
14782
30128
5856
29528
34780
23029
15269
32521
28221
10591
10456
18786
33748
16359
31906
17779
38910
30263
15544
16122
2010
33855
16340
32734
28333
26712
28998
4954
37687
27233
18261
12468
13712
24116
38347
8492
3496
13615
37364
31716
20557
7819
6854
14305
24178
38759
32083
19439
25373
3978
35560
23734
37832
8252
16467
22516
34963
5464
23822
29001
29049
2082
1468
39112
22549
36166
7603
26044
6133
4966
14112
26689
9137
20965
37345
29666
16075
25779
9104
1447
29756
4663
25180
23940
9266
37998
2807
4229
39814
26628
29581
25214
25061
31049
24325
7609
23566
28280
30005
29698
33245
4116
12739
38733
21432
10083
28398
33858
32214
37501
31656
21969
38516
16835
2260
7781
11184
5067
8361
10997
28046
37942
32562
13107
25342
16887
20715
5259
5166
10719
31309
34762
11186
4047
33495
28969
10481
18244
22826
2694
15745
14481
21015
10612
27667
19626
14744
38851
21044
19457
6199
9090
13750
38761
22196
39091
11999
39262
701
17164
6333
32009
8277
13870
32407
38123
2839
39240
16367
25664
38285
28463
36497
19299
39074
24163
35277
10169
19365
16320
29625
21916
21761
3374
20676
3956
38816
29026
39570
35869
6189
5902
27877
10817
19771
20284
8940
18961
15875
21658
4625
14159
10120
1121
29810
5545
21635
25086
15713
1000
1405
1690
22915
23166
1415
39942
23473
36583
28967
23042
32451
31507
25295
20327
38675
1418
36962
7614
20378
12836
29271
21354
23347
35742
22474
13156
1286
461
38241
13351
1460
35997
15040
20726
19162
12806
17019
38987
9388
5985
18380
1838
33843
27
18517
32517
1444
11830
36483
18173
21018
25753
39527
4364
17847
18352
17519
19132
18812
15759
32482
16623
11755
3873
37348
27269
16679
14366
26255
22418
16702
4634
20608
6896
1012
39124
39413
2455
10953
35895
16980
28322
17999
12858
32685
35845
27561
10203
11329
6373
25961
162
19347
34068
387
16695
21336
13417
27412
3942
35834
466
4927
16441
7361
5939
11916
3125
4745
19221
35371
18076
7542
13370
30933
227
5566
18494
10429
13246
21218
32742
13408
564
23161
10146
13610
848
23562
37374
4789
19395
37839
6067
32188
1551
12005
4103
4676
13102
23323
46
31177
30865
9767
18462
31091
11685
36955
37871
24930
14524
30612
34689
11439
10124
4834
25049
10971
28395
18774
15759
4142
16612
21826
36329
14514
30182
431
19189
39635
23754
19235
30812
10970
25353
5625
2060
37037
38931
39930
18319
13454
26894
13007
24892
37017
14193
6292
7988
38939
25065
20098
3080
38028
38275
39408
12542
24809
36191
31730
24443
16296
7316
11606
27265
32669
17230
25676
26057
16160
25605
4375
25965
8850
17382
7209
2219
27926
13500
6558
26864
34917
23007
26296
32944
21282
25703
5485
2442
18245
33567
26884
34540
37234
34842
18156
29902
12071
3831
15959
24583
25788
16685
10547
30989
34066
14107
33207
18343
27607
36116
5207
18875
19123
31502
11818
36756
13556
13655
39197
31801
3573
26080
22692
806
17273
37200
27060
29344
1030
39370
10278
23169
16054
17176
14158
6472
31283
7364
24814
15241
3480
26372
34115
22602
17873
2284
15709
31429
12290
14905
19581
15862
37336
38624
13020
14609
32175
36431
304
33205
35800
10581
16373
8205
27756
30530
11028
19038
34246
35842
30630
34077
22213
24744
16678
36438
23380
32386
24218
35669
3642
150
11531
977
35125
20902
11937
27300
17332
12240
16856
9483
22820
33228
17687
10576
20110
25067
25965
10707
20908
12947
4783
39472
37690
17812
35909
17421
6549
20126
13090
10190
16627
20972
7518
11752
1873
19455
39051
15556
31694
15906
25038
14514
5485
39076
21441
25594
24142
3757
32652
1401
16703
37434
873
10745
15245
33133
28165
21793
9611
1254
28334
26237
18577
35852
37988
16801
15306
37038
32356
3351
9295
13745
17864
14780
12821
35656
36725
33314
39413
29377
34715
12467
23162
31939
23211
38407
21423
7728
16551
31033
5333
1237
17270
23910
37088
11609
710
8745
4999
29418
12095
14293
3162
26311
25424
15982
21966
22149
5648
17730
7877
36714
30197
31038
25004
9759
25796
6426
17486
38699
37459
22819
39935
11080
6728
33374
19040
3789
38470
24038
33206
6916
34683
36368
33226
20106
8701
11544
38606
14348
29273
6482
7413
15821
37520
32416
25580
19667
38842
3065
18365
32652
25883
18299
83
28962
8024
15474
29103
6493
35864
22308
9761
30546
18675
2986
7003
23728
10881
5609
34427
154
12090
1840
12326
5961
30607
37905
25628
25800
37322
3992
14803
19556
18643
14885
8518
23018
26711
37620
25863
22574
16279
35623
9471
31306
38608
16473
15033
9489
22081
5811
5994
30523
7650
18319
36483
38257
12576
22110
20408
9897
22454
35211
29452
37448
6447
37969
20465
33157
31940
6327
15730
8219
1949
25200
35876
36909
38025
10908
2749
20105
16718
8742
6979
20720
23412
3462
15328
35987
21923
35735
5883
728
27297
35335
38175
33744
29655
14992
26900
17947
17670
38982
22517
15971
20533
18392
12879
18557
25651
11979
35014
38720
20720
1992
19439
483
1805
31118
36470
20080
23205
38704
17159
10501
34038
15334
4244
20045
26677
27496
37991
4346
26477
20507
16668
3361
38898
29546
18270
24548
37876
13283
23267
14947
11626
39058
15430
9783
26527
8251
26214
9731
6954
3372
20232
37344
15057
20827
17388
1733
8322
11730
2431
31150
32236
19098
34511
27485
4996
12780
8384
2871
22414
28002
17818
30391
27059
33247
173
13586
37849
26386
19668
4802
29758
39899
38497
1166
17078
12236
2899
25399
23965
1681
12901
12552
20778
7411
36388
22125
16542
4771
24996
38955
32773
2813
25697
16183
32411
25870
26120
30259
8607
5788
31412
34716
2038
29909
35882
19115
38496
35132
866
22461
36812
13766
31364
13941
17528
27752
36066
34069
32522
21061
29375
21646
20225
15071
37829
8987
37292
20300
35597
5899
26087
23360
36966
28125
13268
29199
3591
11764
24330
4456
30576
17493
14573
21939
31434
32100
6042
27499
26168
34916
4911
15542
16561
21487
26965
10741
30473
24256
31041
22421
26506
13479
5780
23472
37955
19048
9022
1546
27163
29704
2353
14090
7196
16926
32380
34981
5377
38422
18831
31545
33337
20093
3438
6249
1579
26754
13342
32051
11010
734
10823
37515
14212
16603
17338
12167
32002
26360
10064
15516
12415
8768
29605
15962
22045
18336
10943
27422
13109
26125
15318
2797
6218
18755
9046
7796
5509
18739
36199
12870
19472
7021
10384
33683
23623
24074
2201
11976
6785
8616
27491
19199
17384
13447
35160
39428
31783
2454
23201
4891
28579
38518
4040
34796
13625
13085
38943
15485
28175
35141
28354
7646
38514
35089
37680
18488
19162
39881
30464
25946
4848
17954
5144
22231
31401
36656
18011
19535
39109
1211
24425
27687
39729
24816
18834
13353
34252
17777
25189
22426
9269
13542
30071
7782
8630
27751
22622
27792
23983
13085
10089
28830
27390
15233
7413
18790
11888
21775
38324
10996
19337
19101
35035
19065
3916
10220
28769
38168
24348
13957
16945
33617
23850
7016
37750
32480
31118
20371
16623
11452
29807
26711
36633
17197
38295
4045
32338
10182
22171
30662
17530
1508
6114
8916
16924
6381
19135
2045
900
3483
12353
17845
33451
36203
21212
27552
25034
12329
7923
38008
23780
34081
21070
20412
11277
19365
20809
3615
25898
39331
30628
39779
838
33093
5046
14114
39473
24181
16158
36725
24015
24862
14569
13817
17416
32132
1368
2449
4460
5642
36808
24591
39723
17878
1354
7351
37242
18514
7317
19491
17845
37944
19270
15034
31036
24315
29147
26861
4847
1656
23585
25213
26518
34505
35381
3933
26636
36749
2734
27447
38742
39541
8389
34816
13770
9742
2167
7363
24608
9483
26854
2452
3779
2475
17485
31166
23141
2984
18026
24340
4639
37962
9552
27508
28818
4933
27793
11805
38033
30526
39251
33126
26418
3991
27942
36540
13733
26460
3902
38340
35942
27107
37143
36072
29581
10979
27238
12722
10314
5263
33413
11305
39577
2964
38812
28394
4248
22956
199
38632
9833
35801
31758
36251
39792
19699
29142
9876
6158
33043
4567
38451
20150
1709
34523
6082
9039
18112
15155
19353
23374
8567
30657
19302
7883
25820
7696
12130
8776
4246
10762
18608
46
38871
11210
36189
18569
351
6064
21078
29746
10630
15880
6247
8690
6754
12328
14081
24865
23835
29785
4591
32401
20441
23892
283
2612
27939
8765
7739
32184
15878
26347
28582
14748
33908
24770
29668
30611
27186
7097
20356
34167
19328
26602
39209
26082
35281
13289
7298
19115
3073
11888
7868
19865
32132
8150
18828
20070
13266
26567
8606
29143
9265
37187
242
3172
18308
26261
33782
5493
33357
14137
36012
9037
37090
35220
35118
32371
8508
2415
7837
7932
10655
15704
27796
2786
20206
6623
19207
33471
33189
27812
18966
38805
24998
15559
1977
3306
1820
35758
5150
31528
6247
1161
564
39688
36380
32033
28410
1239
30800
36247
9170
1454
8302
33317
591
28507
36292
19797
18330
25832
7609
37295
24637
28958
12853
26613
28615
11024
18722
33765
38904
21320
31277
39467
17360
24009
31500
5769
25247
22299
38367
30769
20104
6669
24085
17046
35175
20376
36842
9856
2560
802
7150
27196
26112
16355
10160
14726
27378
28881
4842
22633
6553
36119
22100
23912
20127
9951
29680
1725
28601
24399
32493
5056
31067
12930
22101
22593
29657
15294
32449
32216
16096
35950
15763
2207
8656
25922
16932
32386
14803
18126
15018
17707
14244
37117
1618
30722
3419
27649
28798
32019
12047
17643
37074
39465
30572
15526
18410
16580
30820
7210
5148
6915
39511
20910
5473
8167
6832
18756
552
17986
36881
15569
35692
7476
12686
33661
34549
12456
21309
23347
4475
29708
37341
37900
25524
27912
13426
3933
843
4245
7494
5990
7511
7005
26900
12983
15171
30083
28090
15722
8068
24971
31290
111
28798
327
33771
23347
12783
15079
3045
13609
1138
385
7860
26662
24648
21285
26946
25490
21881
34440
27832
25743
1444
11083
35077
16614
1165
23167
28687
9232
4489
19976
5694
33286
16655
39464
12984
25789
10894
16028
39397
12032
16412
7256
38693
37411
24893
25638
19253
3125
16429
7084
28868
17872
18166
20296
30837
15682
3462
19523
21265
4302
35851
26958
37588
12505
26421
10571
38293
37314
26599
34041
9345
39362
1296
4389
33125
22540
26379
12377
22017
2807
15812
7236
17031
30329
27531
7867
6010
27345
23742
27274
31646
19592
14231
29233
32096
37003
36156
26740
34316
19106
20780
13
14819
18427
753
7943
37319
23483
16671
19335
26290
32482
26570
39672
22810
14100
3890
25171
1444
27631
12444
33090
7222
23026
18674
35669
20028
14829
18760
10696
30286
39539
7060
5105
14318
7812
13047
11636
31295
29718
30970
13936
22199
13891
9959
1361
27990
13848
26531
25786
1479
35327
15227
5052
14704
30252
721
31084
5081
19480
38131
31718
15371
5190
36822
26040
9353
9869
37675
36999
39586
24996
7286
18136
38886
17244
15848
23227
31092
38731
5364
32570
34057
20590
37621
5112
10842
34693
36195
12274
10525
34325
3991
25895
39514
813
11934
5219
7033
5960
2217
2970
27307
9503
17457
22544
26746
33305
5770
17837
32035
11134
6758
22443
28075
4379
27554
35268
39071
23749
3893
9595
14425
4236
31841
10291
1400
126
15509
8432
2437
17725
11401
29743
23579
28857
12286
10325
18513
14408
24513
10547
21893
31271
29341
6319
35649
16895
1587
31071
36995
5479
37018
11419
6066
28858
21709
7465
25336
37217
15896
27772
11294
23648
13867
34872
8857
22504
1548
23721
36911
26061
34268
15155
13683
19960
21474
9331
36854
19412
36753
30200
24890
33770
1619
27308
18980
19679
34772
667
16896
10668
24790
24541
30667
38656
19412
35875
21160
17312
19596
14422
39724
10215
25929
13406
30174
7402
19088
23380
26813
15840
13579
8054
5962
11549
35361
21293
31228
30133
21959
4475
37152
3100
29015
24170
1756
4778
20045
19267
22089
39640
30040
21812
9854
15968
35217
36379
19721
10656
19758
6533
26496
33337
14587
28809
4885
6299
6453
32464
32783
28411
36938
29934
31510
25952
14104
29617
30730
30500
5235
9170
30139
35275
27334
36344
7594
18902
32722
27315
29558
8832
30199
12405
2168
1137
1213
3404
7436
7665
32220
218
32427
29157
26504
20288
15109
607
6257
2190
27458
11491
7711
17596
3117
35044
10291
7063
10298
3012
34377
39855
11843
24575
12259
10362
25712
9823
10118
29499
13839
2337
29716
2617
31493
16219
22904
2953
13177
25512
1494
634
37003
5557
14581
36471
36952
24871
3533
7249
24235
34261
7103
32429
18836
15713
39143
899
21887
9260
30397
35725
7948
16464
38341
35792
29035
17597
35097
38563
3108
36590
35549
36462
2146
6481
32933
35450
27704
32817
2698
11938
27078
6153
718
2265
21865
39860
39515
3752
5471
26263
35828
13418
39078
30521
9210
28112
4469
4306
23027
7576
37247
18575
390
35745
25055
29674
31194
12758
22490
33891
21047
5919
43
21765
4535
18260
17976
401
18363
23447
26663
14190
36864
22093
1062
2425
10204
5530
6730
29582
9458
3977
8156
9847
36073
29563
39520
27266
38672
18361
21156
16071
20632
17551
34187
25166
35810
12162
21919
10524
35608
8581
21065
28824
30673
22127
31248
37229
24008
37978
23162
33465
38306
31318
3311
34378
17232
39182
21643
12255
13895
39150
28325
34526
13052
22511
16043
5213
31025
37961
15736
26632
2894
36801
15455
29918
18927
6703
23498
2934
1032
6660
32751
35689
34329
32413
30066
7912
31595
8060
20166
1841
3561
4843
32718
16613
23705
5112
21825
14729
39425
37561
37713
2318
34361
13167
28587
9639
16221
8437
8924
13604
15096
1674
9292
5776
30439
39357
13687
22033
3768
30204
20225
7329
31398
12942
23941
15103
18053
2117
29831
17477
39677
27543
16146
30389
37062
1085
36379
9634
9521
5303
23238
20968
3328
32529
23095
33766
28238
33133
12150
32005
23336
28726
35685
11086
1667
19625
26188
16072
21742
12370
29900
17770
36265
2398
8159
29678
3482
889
39311
9354
6191
18900
26673
5871
7781
9767
35988
32370
2899
4490
24374
22586
33215
16411
30023
34882
36035
16210
7305
14128
24932
37204
31898
17548
35953
36408
7225
35786
37296
2887
5139
39839
18139
31811
2061
25919
37929
38048
18288
37179
2537
39013
16117
35752
15423
6139
26985
7810
18701
30641
21937
3632
24196
10186
17531
20149
2945
24755
15934
241
23993
17425
79
2131
5587
2139
24401
3516
36538
39040
37046
39075
34405
13162
31178
6179
19301
18162
10340
38001
5154
28629
37984
29349
38814
15514
9497
1759
36620
21783
38351
16964
39207
34781
15447
4793
33271
39847
8308
29808
35239
1706
25234
25995
14867
16411
32173
34167
30924
2513
28519
36077
31141
22854
21778
26306
38367
31274
24416
31338
13056
22766
8302
8614
17546
23748
13407
7168
19946
18066
36976
11536
19771
18561
37530
34638
34972
26055
25156
22247
24919
10027
14676
12411
32880
36453
38716
27599
24078
23132
18936
33486
2249
23589
2099
16147
7336
15505
23314
23634
29923
16641
31521
9693
35202
29051
682
26525
11457
25838
5123
36375
35864
19798
8785
25095
16250
3852
12693
36680
23335
31629
30165
25584
15217
32263
38082
18905
4120
17747
38890
34042
34388
30410
3734
25941
15812
4416
12465
27268
26605
17587
19994
18820
33737
28778
3914
6338
28982
12959
3017
12316
939
33181
34251
12507
21796
32332
27763
25915
10079
26652
16308
818
13414
20041
26758
29225
20808
35574
12845
3764
9512
32838
22583
39600
17968
22849
5938
6949
32159
8954
15616
33097
38487
9867
5603
20282
38550
33366
2548
8628
16369
18855
5797
29782
35247
28906
15359
12407
20831
28203
16170
26695
17392
35105
26294
31711
14305
32231
38659
6463
1185
14275
39559
36023
20493
1513
12656
19042
31230
11555
24022
7599
30409
29818
33732
22007
15076
9090
34413
35906
33644
10583
22600
11036
2039
8894
2746
16343
37476
37757
22805
35012
8383
18715
31034
28875
20227
41
4268
7809
11595
28289
15407
2003
14459
5490
20362
29534
14580
14774
21791
4575
21708
743
15610
23746
9636
14708
88
3463
8816
19244
38475
13550
37958
25860
2424
14537
25901
3043
22345
37495
31332
34103
35850
5790
39592
16211
31675
10523
27336
13465
15098
9044
14207
27059
32789
20194
38118
29229
23657
6933
8472
18483
20482
6430
4342
19257
20966
30242
22300
39662
24089
9983
33764
16290
15772
29707
32500
3798
230
19835
17262
15327
25230
31469
38737
14371
8014
36855
3599
31670
3787
12070
6504
20621
14851
10846
36229
32168
37439
18528
28181
17879
24862
21944
34168
36985
11651
26667
782
8232
2854
18044
19910
28083
5864
18646
38805
13877
15500
2403
1899
15639
10825
8402
32611
22027
19247
28839
10547
13038
3719
38727
30916
28580
20671
25084
25565
28673
8102
26346
36904
10955
4389
16813
35390
6604
35458
34194
20481
7310
32949
22379
22948
125
27132
15558
22151
2731
748
32697
15768
4466
27776
6683
33046
8446
28118
14962
33470
36220
1307
26725
3526
2048
39889
35267
8651
31698
25813
25483
39007
18761
4213
18306
15237
31345
30215
37387
34075
30963
26436
6194
31780
10563
9228
21177
15360
37346
36138
8829
33565
33797
35553
33442
35844
31793
28709
846
23490
14521
26329
22497
29633
26893
37154
4869
18237
27369
38607
8663
14683
21394
14856
6462
31956
24084
27639
7315
21429
20128
12495
11345
13924
4399
1138
6119
36191
29846
6965
19681
718
29645
38529
30350
16537
35682
31570
31126
19402
30177
39788
34084
7922
14644
36898
39878
35079
20888
3544
12859
1015
16039
24203
14939
16789
25340
21057
12980
11538
24373
32660
12255
14017
31188
38957
26906
23221
30526
18031
2623
17054
14170
33058
24976
28813
29955
21205
20243
7194
21100
33101
8209
33490
13655
19499
10279
35347
36907
23258
6884
21280
12269
15490
31648
39808
14446
14905
23028
1324
29287
25650
18377
3457
15060
39704
28621
1366
17260
8864
8560
38360
1964
16768
31849
15619
32618
2127
10965
29524
21736
14200
7155
34004
26041
35155
33811
487
10059
13191
38162
39346
35192
16538
2802
10251
12594
31422
11617
29853
36637
20176
28212
38601
33295
16413
10571
25912
18539
17887
11787
36627
28438
18942
30630
14478
10448
20793
14964
16858
33983
9477
16203
25526
26015
15356
35777
34960
3130
3745
24812
39766
23920
13024
34718
17214
25788
1640
39477
4326
19526
11263
37304
7963
26556
24286
22441
33355
5078
33756
10213
35412
3233
26415
17289
25599
38123
13065
20558
37604
16809
1721
33721
37080
11096
28439
10645
36883
26430
10121
37561
5956
17736
34864
10270
643
19149
32710
33998
20578
22818
4210
12341
22402
26976
29630
8000
21450
39046
24909
19053
15855
26629
9126
9286
37725
33916
19931
34607
20345
26403
32167
26300
490
23383
36570
37485
2531
25631
31482
19461
8448
32043
31801
30849
15370
21430
35200
36820
16828
16460
12224
29034
3089
21349
38319
37165
11616
14601
28123
31961
1004
16642
18260
37845
24
11181
35329
38906
33164
23162
18366
1611
15204
10167
28812
26926
27948
20363
20097
1127
36823
28672
30160
36263
6373
28479
29779
17988
3079
14253
9948
434
30894
24560
38279
27269
35740
33607
26175
28903
16769
4540
26866
28324
11058
12029
11601
35358
28743
31697
36484
21917
20369
26644
14531
26741
15122
4309
4728
14552
14914
11028
14986
5807
35587
13264
33076
27678
3222
19250
16581
16342
20141
39798
4666
31199
8178
16266
22908
36920
4315
19391
15189
24683
6034
29719
7775
17507
30380
8854
32059
5293
19881
3396
7451
11819
16659
526
39497
16232
16127
12429
32574
32620
8578
33591
23818
16755
6208
3077
10026
10522
22467
25214
31556
24853
11285
39330
38711
1664
4536
27121
3308
20768
30516
10758
32587
3526
7636
28435
19758
23762
863
12331
16381
9440
2273
36550
22546
8480
39626
32571
19002
18445
14137
10557
39649
25421
6239
38359
27084
10774
25480
30391
27893
15995
37500
20479
15873
5135
8913
35630
28897
6127
4312
1629
11918
6584
34531
34463
15063
30508
23386
34064
8952
37522
973
8600
19294
7211
6959
2729
14336
28790
29471
2228
1136
26970
19059
17008
32105
24323
8989
17353
26802
13300
15333
38719
16235
9863
29534
31298
36723
12919
21713
5674
6792
19037
10626
22437
22599
13936
25165
36934
39077
14635
35514
212
37956
10924
17220
30060
35246
26208
3764
22047
35860
15449
17118
12094
25311
6651
3391
18385
15921
21456
20411
19064
492
31036
1500
23091
1323
23016
16376
399
37650
8241
610
31957
19164
14181
22017
10762
36741
22132
29160
32600
37580
6277
4693
19243
9279
4436
37627
25199
25891
18037
614
22734
5424
38465
5824
3098
21480
18552
3496
15481
26792
458
7438
5956
10990
25806
16717
7730
7937
5876
36681
1869
8505
1374
21111
17783
2161
15089
39334
24403
29478
39947
7136
31253
38412
9312
34351
19891
27863
34198
31724
14654
34655
39161
20609
5645
24966
33677
9726
29254
35905
6407
31122
4409
4132
8584
22191
6292
20025
17876
27046
5854
17823
34181
37106
12586
3492
31456
32476
27706
25654
24199
2360
16660
19711
19320
18656
4676
12997
28382
30282
5253
31140
17755
9661
35271
26339
28203
37914
2715
6079
24959
8568
20253
15491
5673
32838
15335
33481
25313
3040
19134
5864
5399
32145
21926
21071
10801
26602
30419
35534
13235
35671
23025
30989
5331
14647
13679
29885
12560
16393
32315
33870
24960
12567
9360
26985
5404
21046
20465
27069
24086
35950
29284
25836
24446
11209
6906
35246
37810
37324
27131
7396
32994
10155
38385
34676
24801
12063
20913
33712
28456
13227
27581
9767
25794
33293
36751
31197
14338
13567
18265
34775
5868
7548
20611
30314
18757
27516
21911
12918
21192
9042
20314
14185
19196
15050
5213
349
27112
26125
34060
15567
39351
17993
21686
25144
7637
18436
12693
18326
28355
27309
13101
34222
31209
30063
20887
6317
17578
2798
19234
38769
11839
35899
9306
27386
10948
14518
24086
34412
36994
18146
9978
36344
32490
31663
17840
36478
6451
30532
14803
31157
14192
24255
21730
5400
14317
2617
11716
28247
5414
27302
27015
13604
19552
32672
989
26852
3541
25075
21263
534
39572
31240
36878
28413
19255
11069
24890
22057
37952
39692
13213
12143
23947
31294
17543
34615
33910
25610
22861
39323
12911
6228
12926
28815
38899
10267
15666
2440
31693
36928
2973
31264
24519
36202
19676
3773
7270
4565
22181
5221
608
31745
13716
20906
23039
27610
15521
16948
13219
34733
12623
22482
960
21900
11296
36211
28518
26961
38650
20210
23888
37974
11473
4758
30528
27500
8531
34149
28416
27063
35722
25376
18808
9437
6281
38198
37046
18153
11497
6616
12886
24119
29097
10197
2371
36744
6407
30888
23704
1408
11098
3943
35734
18922
8701
26261
2774
13583
20409
27541
36997
16130
12916
12156
21918
19197
10353
15315
33701
21850
21931
6586
2320
11027
16783
1042
4123
23189
31930
27826
20949
39379
28121
16682
18300
33173
2942
21073
3107
19702
8614
103
32184
17881
12259
10453
37077
18963
25768
30778
37164
7698
33715
35836
15076
6849
36877
19198
26390
28806
3376
7338
28184
27848
24019
2836
21020
23312
20260
20478
3013
25225
20580
31548
3106
29190
2001
36534
4505
27768
23663
38020
31817
17378
33855
6892
20578
30732
22442
6967
15889
25817
14304
425
13664
38322
3260
31035
17985
23519
11512
20998
5096
28443
8897
8201
13985
10897
4734
14841
35016
28397
12860
26832
2126
6715
30076
22703
33798
12517
26022
9686
34685
325
6462
4700
34999
9721
35734
12983
29592
3597
30332
31039
28391
39229
39239
38727
6477
324
13567
37845
25072
22779
21028
23549
29493
11103
6252
19642
19971
32273
25679
14655
28949
32141
19354
23947
1861
11439
33282
27804
15035
23613
18842
39778
19193
14432
38504
25670
14756
8423
19866
39827
31201
893
23376
17045
8348
25979
36686
28318
14603
22364
2973
39903
14504
22326
20202
12717
33765
13483
36872
5151
37095
12066
1280
12640
26497
39784
34661
37604
4558
14526
33783
35758
15418
17158
12802
23765
39488
5839
8435
10442
28202
11407
10344
39058
30084
26897
11774
20200
379
4997
21703
33826
17062
22982
6465
3559
22765
1125
37514
27322
15650
31296
19431
27419
4805
28584
7536
4292
34422
15970
11085
18976
27376
17781
18033
13811
4677
26158
34011
5056
31154
15713
38881
4568
38694
5345
4478
17811
6469
1991
1484
18470
33287
20915
5888
38091
5850
9775
38735
272
25744
9819
15599
9471
23951
33631
23282
28628
16140
17292
30035
3645
29356
28915
8212
28049
30611
12689
5859
33431
11032
3695
8252
4318
24609
14139
2408
26810
23914
1142
27081
6009
7313
39031
15480
31263
32661
38761
19890
5152
12404
9924
8797
1759
35190
13360
29807
22152
22401
32018
15582
33432
35712
23833
37749
16672
34324
36508
3481
14589
37650
26914
16949
1314
25944
32428
32576
14957
27540
8818
16460
39943
15093
25256
1701
6635
38616
27860
28786
21016
19877
720
10799
11940
20904
8547
24963
11579
5054
24795
26167
39055
8060
39468
368
30356
31895
32944
5312
19435
38113
21771
15729
13205
3379
17430
19839
38346
5289
4977
15713
21517
5696
26511
29808
26599
35057
11122
34530
36462
35916
17048
35517
328
16515
35884
30683
8410
25179
32346
24196
19643
10468
39924
29200
13846
13705
9038
8543
18993
10366
24255
36861
16061
7117
26668
39012
38525
37789
29893
34987
30057
6940
26855
30384
23455
19090
21066
31864
621
9763
12411
20263
20230
8686
9462
30428
22391
14852
38970
37735
25217
19577
34596
37630
26693
17615
32993
21570
11756
22885
16556
1812
29824
3410
28547
13278
22499
5964
1493
23119
15726
10255
39734
32307
18941
9195
22734
1331
20398
18056
39065
1967
37632
30012
39596
20676
7627
28940
2245
15734
8176
15152
17545
37999
14913
2443
7629
33764
8406
5473
13234
20483
12080
12967
12789
31020
18514
31875
28702
38911
9930
24118
877
3913
14130
36824
24588
18108
22115
23185
33841
30290
34688
7737
24641
9601
10179
28621
39716
14936
34093
12949
31770
6172
22268
910
33543
37133
32784
22244
32395
2713
6362
29624
6625
16843
22799
27565
34950
4914
10749
25142
31555
1788
32878
16195
7740
39408
4815
7455
14343
35260
16756
2464
1431
35375
3373
31326
32507
36157
13569
21253
35221
16282
7228
1846
29476
30027
25762
20777
34940
32862
5918
26494
34649
38795
39041
2389
38202
3855
9843
8896
39114
22950
11359
36897
18324
11084
24574
7182
7240
34494
24787
2460
7128
32014
657
36603
22040
26418
17380
13331
19279
19649
36177
10280
18444
35217
12668
12997
35423
18862
18245
30889
1812
25955
24137
16487
37038
8710
20021
629
3203
1159
3089
6682
33172
97
3285
11564
22867
17016
24894
38497
36664
17422
8776
11459
8990
21443
24456
4413
36657
39052
31653
34820
21358
12141
7658
18396
20850
27678
19024
20404
25188
18464
27086
18360
14913
26722
29923
37779
3737
11168
36275
400
24942
5051
11859
33931
22845
32666
34695
15853
28069
26347
10672
9426
38487
18330
27821
15688
2359
3197
32444
27547
18012
15881
5906
32924
2602
32180
27054
2690
39699
19681
39441
24640
21083
11299
14923
3927
316
9617
19780
28384
32316
26803
34162
27154
5132
18334
39194
7491
21530
31637
31389
35894
3869
33646
25169
2822
22177
12223
5511
21875
28255
4951
2867
9337
12602
17789
9615
9269
23757
25746
34005
16072
12549
28166
39578
17680
6499
38771
21522
24381
26759
9262
20274
30627
2907
1794
33448
25083
10368
38958
3310
38622
260
2528
7958
9213
20316
17573
18482
424
3318
12486
12848
12218
37003
12425
26250
39853
11195
7771
24233
37953
13385
858
28579
16291
2652
18378
37726
9371
17335
37387
7993
13946
39914
15950
23159
16581
29874
37992
17004
29544
6829
26203
1761
3831
38627
28010
35
9821
32133
24268
4125
5517
21477
29055
18159
20480
7432
12236
29851
21118
9622
37843
31416
9535
10144
14574
22467
36370
8917
35823
25913
15745
22025
27673
15927
20652
15683
15961
26824
4167
36580
27301
9683
18057
16355
27841
34888
20139
77
24738
37608
6050
18932
29023
11937
25428
39948
34403
21797
8864
30225
7709
20960
8602
31733
36886
25605
3767
12847
12428
7933
5778
36080
13967
23834
12435
38160
18722
28925
38236
39811
26532
637
15095
15555
12573
522
11854
6976
18670
20718
33552
22730
1677
38505
14462
34915
24109
14581
4113
36537
22513
9890
28968
32832
30076
1402
30991
5149
26678
29226
4959
13210
26214
16405
25116
38787
16926
33321
2114
35595
14038
32017
18324
12067
30522
29138
6981
14630
3718
7445
7518
22582
17334
36486
15413
7409
34239
6403
8909
17269
31980
10220
26830
18194
26624
8297
13332
3550
1617
15445
35496
12007
7461
10172
24073
34334
35661
27405
5316
39378
34849
9185
18311
8534
2022
30076
15943
32613
36478
21203
9881
24810
31422
36710
39355
18046
5006
12686
17947
2974
24482
9794
14980
28294
19965
39052
22628
15625
26456
24295
11354
17656
33479
26017
26190
35501
16092
38484
24465
8921
19686
34345
30082
11108
27406
29436
25505
32411
38473
3451
35384
19306
13244
10364
7600
29561
5767
26579
1537
28575
10873
12891
6230
703
35259
28771
32555
11350
27254
17019
20270
3292
7715
6704
10751
35120
36139
36255
23882
30964
36057
19266
10269
9300
25981
14220
38860
28099
798
36749
16673
8022
9639
19255
5077
4897
8025
37631
12598
31631
11002
29219
34922
18716
35922
2024
13836
28413
38278
37717
19376
34334
13334
25996
39985
35666
216
35197
20117
1013
31945
36789
5387
37935
12395
10463
39183
16772
4445
11780
8402
15446
998
39675
30514
33272
1698
701
21684
36327
34769
1059
27012
4455
27054
26996
120
27269
22192
20236
24634
14136
13377
30020
8422
22123
36834
7604
38894
1278
19383
3647
13076
16733
39673
3589
10004
37722
4289
28039
34048
39057
25449
21059
3511
12502
4407
39983
36123
26598
16570
17108
37086
26298
3479
5507
8421
312
9463
3666
37941
25197
3665
11016
1929
3337
14604
8284
37411
18892
32674
27810
14301
18122
8869
14163
26976
9627
14145
19450
36224
27067
36557
29661
13364
36387
31520
18136
36698
982
18154
30990
26178
21818
2006
24459
21506
16609
29094
18916
31853
21768
6726
2505
39889
11946
16667
26864
21572
27164
6313
14147
14230
39221
3808
23945
35607
31679
2081
28656
32660
20234
19646
15189
38403
18003
39647
19908
30963
25093
35176
22815
6860
38253
21671
3100
10198
34690
26316
28121
21853
32628
38619
32434
28201
2426
16378
20159
34104
14810
8815
23115
31395
24812
38304
29797
2814
34302
6057
33776
19394
37584
12943
22605
35836
30965
25705
2385
25654
12020
26857
7506
999
25475
39939
25551
27901
12669
5710
18356
27478
14524
37823
18873
35687
32478
5021
34852
23131
11077
24979
2525
8660
34273
21481
847
25238
3537
3231
10891
11908
30087
14749
9259
15562
11039
34809
39814
23707
518
14521
7537
11393
8695
22761
7079
1172
27781
1930
24303
35210
23261
23179
221
17533
1011
1068
2770
4548
650
10013
16455
27089
24761
25713
39002
32151
20522
38815
12210
17391
9687
16098
28784
18382
38858
35862
15905
22990
34144
207
18199
17404
19737
14772
34936
20748
12191
34058
21647
9192
4070
34453
36280
25182
16518
35281
17332
33391
30447
25893
10781
134
1990
39564
14867
847
35426
30771
20189
25921
27330
34739
3324
3418
9510
34611
20517
18052
28668
2163
27244
32737
36616
23523
14270
13133
18804
31602
6523
5602
13846
13655
5735
15836
13219
16953
13034
4996
4076
33222
30916
31405
27961
30591
31174
33822
25201
11691
11874
13869
10205
39117
2957
6820
18991
17227
16304
37794
5180
19178
39748
19025
32833
1834
31212
2403
18787
598
7398
22862
33819
38313
10618
18131
25255
1791
11953
10455
9833
20178
20675
20038
19294
23632
23209
38284
37210
39513
32430
38741
15042
32177
17765
7874
34010
5329
10276
9148
5926
14025
32009
36096
8689
38978
10579
33943
37121
18883
750
6953
39060
21424
26990
14705
1407
10199
12988
34968
6063
1769
33708
21104
30297
7825
25330
20659
13153
31957
29806
15430
5982
18167
7877
14670
17144
18455
4965
14264
37337
5714
21217
32748
23489
4558
7452
24896
11108
20440
19863
17170
18560
13571
38274
8857
21395
19955
29515
30899
11911
15672
6328
17892
33838
14204
28914
10982
29011
33878
21597
26347
35943
39165
19095
19431
3723
22898
4326
14830
39689
20541
28352
18249
30463
22977
23457
8209
2931
12971
39107
14841
24994
1786
29085
18832
12341
14350
26165
1351
8227
7761
24050
521
3278
39496
19951
3352
22393
20629
14533
22082
1169
2884
36682
27983
25860
20138
32543
28790
29460
31649
39983
14453
29786
29067
33284
38478
39768
15800
36181
4346
23561
16582
4866
23190
16077
24816
26541
34821
5444
1073
13254
2964
3957
9935
27298
26168
30072
19840
14958
15883
7840
11292
30336
33977
36710
23619
32455
36477
39419
24987
822
19331
1568
5687
2520
13996
26854
25412
5168
28650
26484
18422
27965
26792
24708
15263
12960
14780
31454
27917
30662
39294
39208
17349
29622
35917
968
22076
28745
36738
3414
29566
12420
4981
35252
11291
15328
18457
36702
20496
7106
19537
38917
35071
6329
23624
6685
19288
34755
38138
3556
21769
33783
39115
39117
23405
31383
36436
5480
20127
29525
5246
9692
1944
10226
1295
9586
25554
19751
2639
6049
23209
22176
1317
18279
24856
24940
24963
4143
16047
23100
4050
37815
16883
39516
36931
36639
30898
29719
38470
7376
19243
3715
13419
17539
13941
11065
27124
35846
30815
26115
38246
10375
8290
39562
28653
33145
20853
9967
33639
36899
29419
34040
31065
2653
33555
24348
39291
24452
14066
37760
28179
29660
1475
1597
7198
11767
12661
30674
3964
39827
16788
2209
10202
21429
38122
35206
14573
18974
5173
4563
12225
34591
38602
39641
37243
32156
23988
32885
12959
34405
30644
1137
24065
32118
2733
27614
236
11745
18287
4199
11571
35074
2759
18124
16502
880
13330
27426
16206
18502
28340
24782
9444
26941
24422
3038
15448
4762
35922
24758
39166
26565
25894
23230
15035
24978
10844
11622
33074
25482
15821
4645
16908
18579
22768
29761
15811
32449
17187
32016
10950
1878
16797
16745
25171
37570
19782
618
2331
15703
21728
1497
38620
3973
21078
13654
25303
28273
21627
18376
10107
37447
23020
27014
12378
2140
16774
24540
34588
30312
16555
1890
32190
29703
18634
17360
23624
34768
14329
25955
10470
36056
23803
9089
36381
1232
19094
21683
25857
721
58
35963
34519
19430
22976
3248
21569
39749
27787
12508
26413
693
10749
18602
26747
29383
32313
10371
24150
6641
32677
30971
39049
16479
36412
35429
14062
11857
17111
39918
12577
17168
32232
3448
36597
15207
3047
14517
11308
27186
27025
34072
27878
37773
12673
10977
23507
4985
17699
4008
7977
10375
34979
7025
23205
27742
2453
37266
39598
15915
33536
8527
33083
25767
11974
26031
37326
11372
548
4985
38557
23924
39056
22787
18048
11728
33763
37907
13064
11461
1914
21040
18187
33244
24417
1391
20985
26869
35008
20583
2784
28543
29109
32218
10662
37434
14600
7987
5157
11499
9323
3714
35422
8378
22852
9822
16457
12966
4080
29520
24426
5993
6911
38964
35589
31327
354
12925
14548
35361
29859
13683
20256
15319
2252
30917
9104
16851
35255
14261
28350
4577
17974
20123
12954
37177
29944
25762
10142
34023
11633
30919
36368
18543
29882
28308
6222
30235
37584
20769
21947
27443
34451
2202
39113
33054
29470
8217
9904
24724
22477
38253
25652
36802
14728
34957
33978
1023
20718
4119
31398
32350
35037
24117
7245
21270
12424
13466
11504
6359
34234
29802
33801
25036
28356
29266
18089
14177
37482
24344
38901
19958
18949
20904
13111
33676
15861
7088
34698
36578
7558
22447
25280
38946
6563
32524
20215
15338
2341
28070
21697
32926
17871
11849
14313
2578
1114
32401
16755
34947
13096
12007
11256
32044
32910
24366
22071
5122
27805
13121
38052
31714
35567
23331
30659
2130
12206
7225
17467
14546
35294
35515
7471
9517
7364
21783
12094
4829
10535
25200
39776
19982
37206
11031
12026
26468
31749
30448
27941
19553
3568
25992
11267
39135
5674
38277
37616
17879
5502
15082
28776
795
6949
32598
6663
10664
10732
15109
15492
17618
308
11619
37600
33866
22650
9625
16685
14398
72
4625
30302
39992
30617
1568
39126
36290
39845
36741
10521
1698
8174
39296
38844
15122
31894
5507
25785
2625
20615
37629
20243
17274
9247
14194
11139
28248
20170
27823
2645
16593
28800
32947
16584
19416
30866
15709
12057
27062
8801
22577
28759
16975
21873
27603
28448
10118
29461
10585
9094
10075
8213
25688
27348
13811
39881
38487
2059
20050
22661
4703
36643
11460
34001
13226
27227
21219
25287
39284
8280
34087
21860
33391
7413
84
17345
32213
10201
6805
2797
15647
16879
7361
1334
4226
21171
37567
39064
23229
17616
18077
24284
10610
25888
14636
20188
13115
35854
5474
8750
486
35912
26961
33876
39677
27045
11220
31889
33597
18024
34685
9243
34902
2045
6929
35479
23215
4495
30895
2796
18462
5323
27079
29072
31210
1714
9259
676
33920
11084
5777
34405
3347
32738
28280
3023
16134
35851
34911
9730
13874
25947
15325
5127
27991
18605
36957
7558
19451
24203
6705
37912
29525
33783
23335
17087
31848
32593
14114
25767
28
19891
20171
3375
8980
4802
6397
25113
652
37660
31194
10877
23606
2870
16003
7949
17826
12960
11858
37276
33514
18562
31540
23039
8696
14874
36477
543
3819
10590
22662
3846
26832
39184
3572
35811
338
6321
17275
989
3980
4821
11866
23937
7690
24220
28237
21868
33531
36446
19143
27045
11359
10682
10083
20054
25556
2911
16949
29374
13500
35962
29571
36684
35145
33143
28846
35482
35815
6121
32823
39794
7293
1040
20082
14982
25259
4671
36849
18790
1116
12344
2186
8827
23025
12268
25232
4932
11530
2180
30657
25029
38141
16580
18064
29638
6074
6910
21471
1888
9382
14293
38033
16674
15332
18114
28007
36943
19136
21208
12084
16604
33551
14269
25430
12927
22888
10661
14211
34417
9193
1219
15797
3685
17798
33861
29674
23871
770
11145
22110
6503
21789
20142
23176
33473
34608
7534
30415
13743
28741
2498
30346
18643
16766
12127
27922
39653
19140
38484
30421
28332
39702
6217
32016
13852
77
18042
34074
37198
29186
16184
3700
10974
36325
23227
798
30932
27113
31212
1027
15853
30061
27724
30848
3178
39851
15121
39182
15342
13604
29602
3673
9657
35819
32040
23508
32247
10081
17582
29445
35618
33765
29496
2944
30089
9075
3741
17373
36187
34953
18399
8391
21365
6122
35590
24543
2324
10710
23724
17665
24313
13326
17689
33970
5496
9729
17477
37742
16161
31410
23538
11779
25174
9386
11074
11615
18460
14814
28987
10998
6118
3737
19388
27483
6210
14978
8377
8534
22039
32100
22550
6352
1777
239
36673
7272
6319
10501
1366
22479
1911
24903
30609
23436
30640
38034
35050
9099
12848
20388
16448
18965
20476
32188
2799
26686
3517
11175
35219
25555
39627
14120
31906
1403
14358
24930
5027
20676
35431
6392
39507
33693
27646
26467
17128
14638
24501
8530
20088
33700
25269
36536
12664
5745
28723
11815
32430
32239
22989
24000
17793
22615
38119
6051
20370
12477
27332
25396
29504
22762
28139
25362
12806
12136
8181
29934
26773
29033
34815
6861
22732
20083
39748
31747
25827
28470
3561
18256
17060
22902
2255
31204
5516
374
33606
22237
9202
20938
7632
35057
3699
32122
20419
16505
4258
24951
2790
27382
13983
37604
34242
36714
17686
33989
28460
3513
18810
28373
18120
32221
11274
20375
23425
13141
17100
17030
35378
22653
37967
39361
17709
38018
31483
34479
10874
32092
19429
13663
19473
33411
7618
10067
26476
25303
4055
14936
25167
19217
39660
39639
11437
10933
20013
31213
20425
33464
8243
15802
12468
2561
15163
26528
578
2997
21007
11451
35088
36787
21465
14560
26550
29082
24626
13025
10737
25033
24312
32255
601
23971
31893
12037
31255
8257
39602
11680
38072
4196
23833
10539
6756
35347
37067
3686
38343
14425
11488
33430
11211
32953
4342
37760
18386
28967
7137
29122
10351
31448
17729
10951
15419
9621
19340
6673
17878
18941
14704
15949
23136
38537
22840
29891
33883
16258
33576
32226
30682
1416
22007
38244
34368
26348
36004
9105
11667
3140
34579
22017
30939
12307
32968
6357
21927
12307
9382
36156
31247
24085
8457
10734
18973
27648
36976
12856
3905
26904
1433
34586
28319
19791
32829
22686
6139
25184
31790
17805
24675
26368
39821
15614
35026
32788
21970
13305
1446
27703
9460
29044
8140
14268
39777
23464
1915
36753
32671
5819
23656
34103
36756
8326
13894
29585
31011
16384
11120
19152
34188
35795
1872
30360
11408
36897
19500
29729
10201
20945
13784
16013
9989
21923
30280
6117
5386
28547
39221
38057
30717
19228
28511
27473
27553
38756
13409
14915
15139
20880
30419
5678
16674
32290
36038
24433
25538
15537
10514
32091
36481
24297
8103
2821
2571
34734
5290
4308
19632
862
38716
10349
20090
23579
34173
3994
22334
3933
18909
33825
24812
5679
39502
37838
37968
35539
22270
19857
7427
32783
11947
3908
13431
20049
3080
16001
11135
4721
16661
30766
5583
15376
37466
25672
38954
31638
29665
21288
35570
4925
15112
16734
10603
10965
14571
4922
6504
36840
24779
13930
25975
33077
14189
35757
13126
13621
11758
20612
18341
28418
11377
23923
145
8843
5946
39099
36832
31963
16738
32402
36887
28201
5487
3842
39165
20057
5115
2020
13248
26245
12302
35574
19322
26490
31331
28799
36462
39440
9410
14803
24209
17138
35077
24353
22332
1023
23451
19164
32985
36540
7917
26223
24740
13403
26416
20257
33459
31531
22276
3058
17775
34577
38632
37096
17419
29962
22246
13880
29401
31655
25034
13609
8793
20111
34313
31124
17485
14116
6639
10469
10655
14555
33043
31747
27957
19459
12003
17767
7341
34278
20825
25115
25207
19456
18563
2625
5769
808
12856
31521
28815
37890
1481
33959
14352
35793
25082
31836
9908
31721
38656
16915
2627
31698
8661
30584
7508
20663
4702
14848
14940
25526
36315
36498
1333
11229
39122
7101
8388
8330
38621
37202
2571
101
31160
16922
32246
12594
5109
2153
666
3764
19067
3292
31813
27727
30227
35673
4741
34929
6872
16033
16806
3186
12530
18139
10766
8004
25239
19154
16333
20212
12707
18903
20312
219
35824
12557
9164
932
11062
9829
1047
26480
9472
32859
10559
36051
24883
15299
30979
31755
31331
7784
31292
3861
22274
2058
11864
7513
17563
28196
27724
26621
3450
4387
26839
39273
13296
36002
36556
20709
2182
37602
7188
8006
26812
17746
4056
8047
33045
31386
39801
20727
35521
31092
24587
17795
29501
36450
25307
3415
20997
9382
30036
24446
13768
13226
20070
23415
9228
16625
4123
7761
10578
7663
15766
33742
25408
19821
1788
14804
7558
37940
35531
3079
25383
20117
20873
14884
12919
2531
18298
30267
11912
4685
11065
22031
17911
31134
1798
23490
4111
5920
27602
11040
9934
3368
4781
35342
19540
2920
6497
27098
37211
2027
26528
22594
18496
7400
37477
27766
9930
12126
14384
18193
13163
25448
36575
31073
16582
38372
10914
20692
644
34867
28083
10577
38234
29216
2270
14126
32135
8767
37575
25698
7145
24102
8291
21992
27853
5767
6109
34134
14244
20493
12326
27406
2292
5252
14830
18873
3624
22095
35916
619
16962
20351
11195
11547
9566
9817
25672
38052
14935
19598
23749
22079
3699
32039
423
27903
34157
2883
22036
8401
19727
30713
32158
22019
35965
3340
37243
35940
25434
29511
36558
38747
9861
4104
10294
19426
10272
32317
17477
25206
11915
1226
3637
11965
29616
411
39868
23773
3293
21903
28525
19372
12616
20682
1390
4932
20373
34984
37223
5807
24494
30132
905
34354
30587
11198
10131
859
3515
27608
26064
11781
25185
26052
23745
14800
26462
23612
34924
26107
1867
23448
5478
10834
482
6867
12117
20854
1850
9339
23012
22696
39470
23917
13401
30056
35114
23532
30914
34980
7491
13330
3112
29027
39381
26857
3826
25843
6820
35102
11949
5038
18549
17426
15871
19030
20644
27987
39884
18845
37325
19247
1540
33146
3163
14941
23202
34629
34824
10467
25960
38666
23796
29072
27692
23177
15928
27869
5371
19099
22970
13671
24137
1519
31096
36359
16900
8091
24346
13135
26935
18022
32382
24827
7520
35544
36119
30721
26524
30942
1187
12484
29607
24983
1555
17298
4511
13834
1518
6233
32932
24488
19903
13420
26006
7350
9779
2905
15440
30476
12392
38726
4849
4773
23552
12368
36668
19670
3088
23192
6963
627
35675
32921
21961
33581
6570
22823
7414
8088
29055
36697
32575
8957
10117
14932
16306
16247
14188
28097
6722
26579
26822
7922
31351
6726
20290
24371
22747
19729
7562
26062
16707
39588
18982
38667
29520
21904
21489
33285
29991
6895
29981
18917
15851
36449
33848
28508
12695
4387
12956
15768
30966
36130
23690
18668
2855
331
3038
21953
16411
6951
8014
33118
6538
23348
31784
32409
5251
9625
25693
31593
16519
15674
10509
28722
12122
708
13581
21169
5094
26537
33288
36059
19018
13329
14727
18224
13659
14116
176
30070
21067
4542
23187
23956
27889
11322
16365
29491
17298
2057
21083
33817
17730
27943
18890
26204
28650
32470
3724
33743
15358
37011
26154
30727
10340
37232
8950
20350
11347
5478
6771
32413
10019
26309
16369
34259
33983
29085
20101
11280
31141
1183
1448
5223
25477
20337
27778
14126
9159
31501
4220
20868
24863
26725
11595
31554
23956
16896
11904
31655
22373
15026
20419
28743
1335
33139
19353
35317
22223
39453
6596
13364
36987
8044
18586
22463
24732
6363
36588
33890
34215
37160
14758
19077
23884
22704
10631
4192
39599
18886
35846
21972
33911
12616
10714
31597
5755
30067
23265
27977
25871
29861
1340
22858
34256
16277
5320
15339
18991
38260
9229
9557
31771
20338
28634
15654
3041
1 7696
1 8196
1 1048
1 9713
1 7828
1 565
1 855
1 6835
1 9988
1 243
1 5916
1 2282
1 7139
1 1939
1 3071
1 9681
1 6353
1 1339
1 3354
1 5871
1 9566
1 8782
1 2052
1 5630
1 1370
1 2618
1 9738
1 5983
1 5376
1 8929
1 7888
1 8188
1 762
1 1603
1 2973
1 7786
1 2795
1 807
1 2159
1 6920
1 9688
1 715
1 9264
1 1461
1 1346
1 339
1 1486
1 7086
1 1234
1 7038
1 8171
1 1228
1 2154
1 5933
1 8108
1 8476
1 1703
1 3371
1 2956
1 7764
1 728
1 1277
1 6289
1 6039
1 2387
1 814
1 7309
1 6172
1 1995
1 603
1 4930
1 9589
1 8070
1 4106
1 2983
1 7954
1 4684
1 7805
1 7336
1 4189
1 4993
1 1145
1 3877
1 2702
1 7920
1 1936
1 2906
1 1964
1 1208
1 5352
1 6208
1 6483
1 7315
1 6455
1 6557
1 7709
1 3695
1 2322
1 3312
1 3232
1 592
1 7136
1 2514
1 7642
1 1863
1 3960
1 2215
1 8613
1 8230
1 6752
1 2909
1 8440
1 4841
1 5149
1 2082
1 7044
1 5653
1 3033
1 449
1 4010
1 3288
1 1937
1 2668
1 5308
1 4987
1 6383
1 419
1 9889
1 5977
1 2039
1 756
1 7062
1 7668
1 9648
1 5542
1 483
1 4506
1 5533
1 337
1 7711
1 3987
1 6189
1 2719
1 8609
1 219
1 7725
1 9218
1 1154
1 230
1 1526
1 8569
1 54
1 8525
1 3504
1 9842
1 2066
1 10
1 3702
1 9561
1 6133
1 9171
1 5032
1 796
1 4902
1 6393
1 1791
1 9669
1 2615
1 3075
1 9229
1 7547
1 3497
1 9805
1 1835
1 9966
1 1079
1 193
1 4491
1 8315
1 1432
1 1458
1 3002
1 2334
1 9341
1 4549
1 6127
1 3373
1 51
1 7027
1 3623
1 8006
1 9522
1 7820
1 3714
1 9227
1 5241
1 8940
1 3074
1 155
1 7463
1 623
1 7358
1 1743
1 3380
1 6458
1 4740
1 8676
1 8573
1 9907
1 6170
1 7238
1 5335
1 8340
1 1773
1 8365
1 7175
1 6560
1 8845
1 3720
1 5494
1 6428
1 8332
1 8490
1 9560
1 498
1 4772
1 9256
1 7569
1 8458
1 6190
1 5561
1 2703
1 6503
1 2226
1 4317
1 433
1 7701
1 3151
1 6848
1 1490
1 9389
1 5902
1 2655
1 9950
1 3457
1 7383
1 3257
1 8449
1 1301
1 8932
1 6102
1 6864
1 8127
1 4894
1 3914
1 3110
1 4766
1 238
1 4210
1 3084
1 8674
1 4882
1 1888
1 6437
1 5659
1 6982
1 4727
1 26
1 1466
1 5458
1 933
1 8606
1 9024
1 4706
1 6935
1 6047
1 2778
1 145
1 8074
1 3089
1 9822
1 7794
1 8867
1 7616
1 2236
1 4
1 2770
1 7249
1 466
1 6672
1 1340
1 2175
1 7545
1 523
1 4709
1 2272
1 1943
1 369
1 6964
1 1572
1 3665
1 7737
1 80
1 1768
1 2994
1 9162
1 3213
1 9740
1 7048
1 7228
1 6344
1 2976
1 9315
1 7030
1 9250
1 9576
1 838
1 4777
1 6903
1 3355
1 5196
1 5639
1 2820
1 4320
1 431
1 5234
1 6638
1 1072
1 6265
1 5846
1 9179
1 9216
1 6122
1 4276
1 7956
1 5340
1 7507
1 1021
1 6192
1 9503
1 551
1 5824
1 7041
1 4440
1 6113
1 3603
1 4620
1 2867
1 6482
1 8262
1 8018
1 9638
1 4969
1 4412
1 3893
1 3305
1 694
1 8208
1 9716
1 6252
1 7020
1 851
1 1204
1 7583
1 2739
1 5628
1 7656
1 6845
1 8856
1 4138
1 2023
1 8688
1 3953
1 980
1 7137
1 7173
1 1942
1 7724
1 2502
1 6679
1 5259
1 3783
1 9944
1 2276
1 8558
1 8099
1 2422
1 4668
1 7584
1 9191
1 4439
1 1127
1 525
1 9771
1 2768
1 3560
1 8322
1 2667
1 4489
1 1383
1 512
1 5310
1 4187
1 605
1 9046
1 5676
1 7053
1 32
1 8151
1 3270
1 2879
1 7317
1 3392
1 6164
1 3758
1 315
1 254
1 2683
1 7905
1 6592
1 6110
1 9200
1 2774
1 9686
1 2041
1 1167
1 8523
1 6589
1 6604
1 330
1 8155
1 2392
1 5444
1 5167
1 4575
1 83
1 7529
1 8267
1 9402
1 2281
1 9079
1 3205
1 7945
1 7313
1 2358
1 1140
1 3310
1 9445
1 7633
1 8640
1 7619
1 5894
1 2720
1 9943
1 4309
1 9048
1 680
1 587
1 9329
1 1711
1 6204
1 3587
1 6577
1 6862
1 823
1 1912
1 8411
1 5518
1 3932
1 1062
1 3244
1 71
1 5805
1 9471
1 3249
1 7339
1 2286
1 1798
1 3831
1 8926
1 5217
1 3494
1 9886
1 7779
1 9473
1 9441
1 2934
1 1641
1 9612
1 8339
1 5751
1 2415
1 4384
1 1840
1 3582
1 6814
1 2665
1 5770
1 970
1 2340
1 6579
1 8874
1 7440
1 790
1 4783
1 2892
1 971
1 5496
1 9937
1 4369
1 4230
1 4223
1 652
1 1407
1 1932
1 7107
1 8430
1 6826
1 2216
1 9112
1 423
1 8421
1 3230
1 6630
1 1763
1 3005
1 2404
1 5207
1 4671
1 4461
1 8120
1 2972
1 1371
1 2798
1 5960
1 4336
1 8665
1 3557
1 8930
1 1772
1 2504
1 7250
1 5621
1 2561
1 6137
1 5151
1 8191
1 4455
1 5876
1 8170
1 6908
1 3851
1 274
1 8341
1 2444
1 394
1 9552
1 8479
1 6971
1 5597
1 9388
1 2487
1 8400
1 7052
1 5470
1 3146
1 4015
1 935
1 1124
1 1685
1 3190
1 9597
1 1580
1 6019
1 2818
1 2290
1 812
1 2077
1 3429
1 8296
1 4383
1 8997
1 7767
1 9082
1 606
1 1902
1 9934
1 7982
1 4018
1 5369
1 1115
1 6151
1 180
1 205
1 2494
1 2335
1 4184
1 8986
1 7398
1 3296
1 7275
1 8956
1 9284
1 9059
1 7646
1 982
1 3818
1 4880
1 8071
1 660
1 5168
1 115
1 4116
1 1446
1 8344
1 5228
1 6215
1 9652
1 3937
1 559
1 9427
1 8388
1 8129
1 9376
1 6152
1 3680
1 7142
1 415
1 9158
1 9022
1 6352
1 1389
1 2075
1 9180
1 4293
1 8432
1 507
1 9830
1 2347
1 9267
1 7571
1 6564
1 1014
1 1915
1 198
1 2148
1 5578
1 5144
1 8313
1 2337
1 376
1 9984
1 9972
1 700
1 7768
1 5530
1 4912
1 8392
1 9288
1 7441
1 6424
1 2616
1 3444
1 9922
1 4068
1 6005
1 2157
1 5957
1 4752
1 8480
1 3421
1 302
1 1584
1 2434
1 6331
1 9791
1 7610
1 9852
1 1100
1 2757
1 6578
1 8512
1 8574
1 8424
1 3463
1 6675
1 6725
1 3330
1 8566
1 8459
1 7040
1 6128
1 8068
1 8773
1 4870
1 4423
1 8325
1 5008
1 862
1 6960
1 215
1 2169
1 6324
1 4924
1 8033
1 4864
1 3976
1 2671
1 6673
1 9085
1 1633
1 1849
1 7917
1 6333
1 1673
1 8409
1 4006
1 3243
1 1037
1 1617
1 5792
1 8383
1 1210
1 8485
1 6575
1 1188
1 153
1 6811
1 7627
1 6783
1 5294
1 182
1 8061
1 4197
1 2234
1 3571
1 241
1 6753
1 9023
1 702
1 2530
1 8875
1 1406
1 7510
1 9820
1 450
1 8621
1 7517
1 1400
1 1384
1 9770
1 2814
1 9964
1 8564
1 172
1 7426
1 2261
1 2246
1 7298
1 4851
1 8203
1 8064
1 9014
1 6199
1 9704
1 1962
1 833
1 1812
1 5266
1 3393
1 889
1 777
1 4828
1 5849
1 761
1 7291
1 3931
1 8067
1 8903
1 1739
1 6363
1 8494
1 6184
1 5446
1 8414
1 9033
1 4402
1 3220
1 3004
1 2690
1 4258
1 7750
1 3068
1 7461
1 6789
1 5787
1 5026
1 8128
1 7976
1 2910
1 8186
1 5513
1 6448
1 4186
1 7963
1 9268
1 2512
1 7559
1 3811
1 9018
1 8501
1 3479
1 7597
1 8506
1 8180
1 1899
1 5428
1 23
1 5481
1 6938
1 3564
1 8540
1 6408
1 4754
1 8678
1 6689
1 5054
1 3918
1 3233
1 5226
1 3941
1 1744
1 7670
1 8586
1 574
1 7032
1 5280
1 7816
1 5286
1 9747
1 8037
1 2369
1 8553
1 1778
1 1567
1 9919
1 3814
1 9099
1 4732
1 8082
1 5836
1 4246
1 8740
1 8879
1 6114
1 9598
1 6613
1 1198
1 6670
1 3684
1 9308
1 2300
1 7858
1 4208
1 7094
1 9951
1 4493
1 4054
1 2863
1 535
1 1196
1 9410
1 7990
1 2480
1 6542
1 8232
1 874
1 2895
1 7806
1 5057
1 4287
1 5083
1 5380
1 9324
1 3185
1 9536
1 4843
1 7904
1 9367
1 183
1 5798
1 5013
1 9359
1 1516
1 7443
1 7647
1 8063
1 2056
1 4379
1 2642
1 8643
1 9925
1 4436
1 2681
1 5534
1 311
1 5618
1 7856
1 2020
1 4533
1 9081
1 7501
1 9411
1 6462
1 5179
1 1497
1 3126
1 5033
1 9787
1 8035
1 820
1 9406
1 9297
1 5889
1 3659
1 6057
1 6083
1 3172
1 5358
1 2993
1 8829
1 5290
1 6716
1 4088
1 7843
1 9824
1 7798
1 8587
1 9573
1 9892
1 7845
1 8519
1 5990
1 7538
1 1941
1 5375
1 252
1 8379
1 9296
1 3534
1 1916
1 8607
1 8667
1 5883
1 4739
1 4897
1 5170
1 6162
1 6143
1 6466
1 9237
1 497
1 4681
1 9575
1 663
1 3064
1 9255
1 3975
1 6995
1 4109
1 2647
1 4020
1 1276
1 1465
1 658
1 7489
1 7890
1 1677
1 9360
1 976
1 8788
1 3447
1 5295
1 2897
1 245
1 6100
1 2429
1 2864
1 6699
1 4457
1 5109
1 5106
1 953
1 5674
1 8500
1 2516
1 2844
1 8708
1 9849
1 9840
1 9365
1 5958
1 6924
1 8062
1 8141
1 7395
1 5538
1 4263
1 570
1 7614
1 8993
1 886
1 5081
1 1670
1 2688
1 6993
1 136
1 4001
1 3651
1 9788
1 1827
1 3859
1 5825
1 4009
1 4367
1 4699
1 8223
1 7097
1 135
1 1259
1 7018
1 3724
1 4537
1 2926
1 5593
1 5432
1 5802
1 4773
1 7869
1 9044
1 120
1 8744
1 7156
1 8007
1 2220
1 4996
1 2578
1 5464
1 7089
1 2260
1 8652
1 3111
1 7231
1 2186
1 2319
1 7747
1 2811
1 7624
1 3820
1 2428
1 9412
1 9707
1 8843
1 3612
1 8690
1 2253
1 4139
1 7117
1 3999
1 295
1 9106
1 1687
1 3766
1 6665
1 7738
1 8241
1 8052
1 1547
1 5323
1 5499
1 9320
1 6049
1 4411
1 7488
1 1619
1 6389
1 8581
1 5557
1 5174
1 1969
1 594
1 8726
1 3491
1 4434
1 2673
1 8272
1 1574
1 374
1 3798
1 7185
1 9446
1 7911
1 8947
1 5526
1 2638
1 9209
1 775
1 2473
1 279
1 6086
1 1051
1 5761
1 8524
1 9847
1 7405
1 6830
1 8072
1 4654
1 5441
1 6287
1 2927
1 6544
1 8862
1 2672
1 3671
1 4495
1 8331
1 8551
1 3207
1 4335
1 5917
1 930
1 7387
1 5569
1 3841
1 5687
1 6077
1 9961
1 9148
1 1027
1 2882
1 6132
1 5455
1 3197
1 9595
1 9397
1 1552
1 9782
1 3351
1 7760
1 5703
1 2877
1 5215
1 7625
1 9846
1 900
1 5949
1 2327
1 582
1 2556
1 8110
1 2474
1 9594
1 64
1 6457
1 4832
1 6617
1 7483
1 9304
1 3344
1 8745
1 3201
1 1262
1 8025
1 4806
1 956
1 9525
1 9605
1 9584
1 675
1 6319
1 6337
1 4271
1 8280
1 7687
1 9671
1 8499
1 5457
1 7076
1 3704
1 3981
1 4033
1 3030
1 636
1 3690
1 2670
1 9773
1 9599
1 9095
1 2206
1 7209
1 2527
1 152
1 6843
1 1241
1 7640
1 1862
1 3062
1 2034
1 9150
1 5605
1 5085
1 7829
1 5769
1 8568
1 2386
1 6768
1 401
1 6952
1 3094
1 7971
1 2713
1 9442
1 3779
1 8827
1 5948
1 676
1 2849
1 4204
1 1679
1 7299
1 4850
1 1422
1 123
1 7221
1 7174
1 2465
1 3625
1 1193
1 7719
1 1317
1 3816
1 1403
1 6965
1 3874
1 4559
1 157
1 2524
1 858
1 4420
1 9130
1 6780
1 3430
1 2564
1 1089
1 1086
1 148
1 6079
1 5732
1 422
1 3572
1 2025
1 1686
1 9628
1 8397
1 3188
1 7453
1 3304
1 7648
1 6511
1 4346
1 15
1 2828
1 6145
1 5656
1 8663
1 9749
1 4919
1 1949
1 4965
1 4891
1 345
1 8552
1 813
1 9893
1 9300
1 5985
1 9043
1 4381
1 7061
1 4624
1 1055
1 7198
1 1412
1 4281
1 2475
1 8679
1 4791
1 6040
1 9028
1 3238
1 6195
1 3819
1 2105
1 4585
1 308
1 3871
1 4613
1 6986
1 3878
1 1667
1 2168
1 1998
1 4445
1 8681
1 8739
1 9327
1 7761
1 9571
1 4248
1 9757
1 9900
1 5817
1 7288
1 2091
1 8291
1 695
1 5061
1 7743
1 8555
1 3488
1 7686
1 4326
1 9
1 5140
1 7376
1 1860
1 5720
1 1630
1 7465
1 2191
1 6509
1 4096
1 3627
1 906
1 3628
1 9512
1 4081
1 8358
1 7973
1 5319
1 8689
1 9752
1 7121
1 3563
1 7024
1 5611
1 4134
1 5490
1 3179
1 6659
1 5701
1 4583
1 6489
1 4341
1 2860
1 4041
1 8802
1 5631
1 6435
1 1105
1 4997
1 5154
1 4504
1 8554
1 8904
1 4467
1 8354
1 5941
1 4409
1 2594
1 45
1 8316
1 2108
1 4044
1 5064
1 6842
1 101
1 9129
1 2996
1 9923
1 2227
1 4703
1 3839
1 3340
1 4463
1 8125
1 2443
1 5537
1 7083
1 1324
1 7498
1 7726
1 3815
1 965
1 4111
1 1838
1 3876
1 3639
1 1551
1 9121
1 1531
1 1984
1 7883
1 4451
1 9234
1 3977
1 6847
1 9332
1 6484
1 2517
1 7225
1 9676
1 1661
1 7895
1 8503
1 6615
1 693
1 5589
1 4515
1 662
1 1220
1 6001
1 3616
1 340
1 1692
1 654
1 5489
1 3866
1 780
1 1318
1 8297
1 1199
1 9666
1 3888
1 9985
1 8013
1 7290
1 1639
1 6760
1 8638
1 3548
1 7511
1 4966
1 1896
1 7721
1 9278
1 9140
1 1280
1 7865
1 6036
1 9313
1 9472
1 983
1 9422
1 3638
1 1004
1 1121
1 9113
1 8056
1 6792
1 2550
1 4118
1 7986
1 3825
1 2085
1 6029
1 3246
1 9387
1 6686
1 8594
1 5178
1 3519
1 7
1 2450
1 1525
1 6961
1 590
1 3199
1 9026
1 7495
1 1456
1 6498
1 37
1 2297
1 1218
1 2951
1 1590
1 164
1 7638
1 7564
1 5558
1 8305
1 8084
1 4642
1 3575
1 5075
1 3416
1 6063
1 3904
1 1890
1 7550
1 3786
1 226
1 1818
1 224
1 9728
1 8096
1 4710
1 7105
1 6053
1 6402
1 4935
1 3228
1 1509
1 7305
1 5734
1 9768
1 629
1 6092
1 6022
1 1482
1 4895
1 1734
1 3278
1 3403
1 992
1 7527
1 4241
1 8824
1 683
1 2394
1 2943
1 8466
1 6605
1 9226
1 7807
1 9051
1 3849
1 650
1 7109
1 7273
1 673
1 1237
1 9726
1 668
1 5742
1 7655
1 9703
1 527
1 7682
1 3641
1 2991
1 9169
1 3968
1 9745
1 9579
1 1242
1 3263
1 7200
1 4692
1 9301
1 3405
1 5508
1 9780
1 5324
1 3446
1 9891
1 3503
1 3897
1 6558
1 1373
1 4259
1 9120
1 395
1 8281
1 3167
1 1599
1 2852
1 427
1 2601
1 3787
1 4723
1 2055
1 7283
1 6180
1 258
1 2620
1 9052
1 5227
1 3329
1 2500
1 2132
1 4974
1 314
1 6906
1 280
1 8854
1 5373
1 9839
1 6155
1 1104
1 4380
1 880
1 1879
1 3517
1 7295
1 3573
1 1411
1 5970
1 6286
1 6206
1 4492
1 8217
1 4042
1 3785
1 3050
1 1201
1 644
1 1063
1 6732
1 6622
1 8131
1 1575
1 3241
1 5467
1 2609
1 432
1 959
1 798
1 2641
1 6235
1 8720
1 9947
1 6089
1 8897
1 1553
1 5036
1 3907
1 1134
1 7972
1 9511
1 800
1 6203
1 7307
1 7543
1 8327
1 2905
1 9929
1 3058
1 5225
1 9259
1 8664
1 6628
1 4203
1 177
1 3285
1 4874
1 7766
1 3007
1 746
1 5372
1 4441
1 332
1 7477
1 1886
1 1628
1 1790
1 4494
1 6601
1 1690
1 1636
1 8869
1 7241
1 2643
1 3762
1 7490
1 2575
1 3267
1 8222
1 7759
1 9540
1 8545
1 3044
1 125
1 5103
1 1710
1 8461
1 3177
1 917
1 2866
1 7272
1 4538
1 3137
1 1585
1 9186
1 8776
1 9827
1 1428
1 9695
1 8823
1 6099
1 9328
1 6606
1 1758
1 894
1 7810
1 1600
1 5544
1 8312
1 1684
1 3910
1 4636
1 1691
1 4082
1 9621
1 2888
1 4762
1 9545
1 3163
1 12
1 7781
1 5090
1 9134
1 8089
1 2458
1 9307
1 2597
1 3298
1 494
1 7644
1 6807
1 5098
1 4970
1 9569
1 2194
1 6991
1 8378
1 2150
1 8821
1 1020
1 2312
1 1577
1 1928
1 5717
1 6157
1 4926
1 1876
1 4662
1 7199
1 5693
1 4999
1 6198
1 9667
1 6364
1 4253
1 2213
1 3477
1 9888
1 5315
1 3879
1 2438
1 5865
1 4944
1 1312
1 2070
1 1870
1 4975
1 7854
1 4301
1 4831
1 5885
1 5744
1 7165
1 4168
1 6168
1 828
1 378
1 6559
1 7722
1 1470
1 7340
1 2640
1 4512
1 5274
1 692
1 5230
1 8495
1 509
1 3838
1 4310
1 6156
1 5079
1 5657
1 5942
1 9374
1 2363
1 8250
1 4484
1 4747
1 4214
1 6217
1 3634
1 6568
1 6899
1 5964
1 6310
1 9772
1 950
1 2796
1 8385
1 6141
1 7650
1 5783
1 4905
1 3484
1 2511
1 1871
1 5947
1 9382
1 9163
1 3482
1 2521
1 4442
1 6987
1 6174
1 4748
1 6304
1 659
1 8087
1 573
1 5365
1 2789
1 4079
1 2160
1 2551
1 7801
1 6561
1 6538
1 8712
1 7287
1 406
1 4892
1 905
1 3490
1 7402
1 5913
1 5672
1 2152
1 9076
1 4641
1 4883
1 7898
1 146
1 4049
1 5543
1 9792
1 9672
1 7192
1 7879
1 5409
1 3375
1 4404
1 365
1 925
1 1847
1 5408
1 8160
1 4842
1 2
1 6340
1 8502
1 5819
1 6193
1 8968
1 5736
1 3629
1 3161
1 7074
1 500
1 3419
1 1533
1 2081
1 7168
1 5312
1 5950
1 5264
1 9038
1 6626
1 3742
1 2907
1 9486
1 961
1 9060
1 2634
1 895
1 9516
1 4960
1 7374
1 8429
1 7026
1 9428
1 1005
1 1771
1 5972
1 8935
1 7568
1 6061
1 4847
1 4884
1 3437
1 2862
1 8916
1 4844
1 7629
1 4237
1 9607
1 1953
1 3433
1 2960
1 8169
1 1337
1 7525
1 8687
1 1349
1 5331
1 6450
1 5627
1 355
1 1099
1 7322
1 2522
1 8195
1 3883
1 2711
1 1331
1 6943
1 5760
1 6875
1 9804
1 3156
1 6461
1 8149
1 7323
1 8952
1 5415
1 9290
1 5814
1 4254
1 7217
1 7067
1 8204
1 3414
1 2766
1 4877
1 7090
1 4349
1 9705
1 7397
1 8338
1 6126
1 4675
1 3863
1 2346
1 8939
1 9991
1 1444
1 1306
1 3332
1 4940
1 1226
1 8518
1 8811
1 4728
1 4395
1 1556
1 6025
1 8111
1 7239
1 2833
1 6655
1 2464
1 3663
1 6703
1 1494
1 30
1 5864
1 5724
1 4846
1 2068
1 7862
1 4875
1 3502
1 9244
1 5344
1 661
1 8399
1 3599
1 630
1 6315
1 6303
1 5477
1 9346
1 8900
1 170
1 1806
1 4391
1 8425
1 9864
1 4215
1 9185
1 9041
1 2321
1 1938
1 3715
1 6517
1 2523
1 4148
1 3980
1 4731
1 9867
1 4323
1 63
1 5268
1 3308
1 3300
1 3880
1 398
1 2166
1 6271
1 7480
1 4421
1 8043
1 1950
1 7218
1 1850
1 6657
1 2579
1 4929
1 1008
1 283
1 6158
1 6823
1 5531
1 4192
1 3487
1 3092
1 8198
1 4295
1 3516
1 216
1 2125
1 2505
1 805
1 8978
1 8625
1 8009
1 2923
1 2325
1 4572
1 5495
1 7992
1 1921
1 6599
1 2250
1 6441
1 3887
1 4448
1 1060
1 1080
1 2825
1 7819
1 1186
1 2738
1 901
1 2469
1 8095
1 2440
1 7255
1 4858
1 4607
1 6392
1 3012
1 1595
1 8721
1 7439
1 8790
1 8285
1 3966
1 9742
1 7504
1 2218
1 452
1 6808
1 9739
1 5447
1 3334
1 3138
1 4456
1 7216
1 4587
1 8530
1 3553
1 1614
1 8923
1 5052
1 7871
1 3093
1 5696
1 944
1 3501
1 5433
1 9362
1 9223
1 9587
1 8027
1 9492
1 5472
1 7977
1 973
1 2725
1 7685
1 3455
1 6262
1 8509
1 2318
1 3801
1 1200
1 6381
1 1163
1 2632
1 5484
1 4896
1 9485
1 1148
1 6123
1 8651
1 8218
1 3654
1 8668
1 2043
1 1146
1 2375
1 4161
1 1612
1 6742
1 7408
1 666
1 3583
1 4278
1 5613
1 5296
1 1102
1 7347
1 4213
1 6901
1 6043
1 232
1 6305
1 3570
1 8174
1 5371
1 7434
1 9604
1 3069
1 6580
1 5884
1 4664
1 3543
1 3107
1 4921
1 2302
1 6257
1 1478
1 6516
1 6477
1 2243
1 4529
1 916
1 6013
1 4936
1 752
1 4519
1 7676
1 9152
1 3315
1 2919
1 5212
1 2884
1 2560
1 3214
1 5966
1 3741
1 7675
1 1246
1 456
1 4829
1 1593
1 6372
1 5907
1 493
1 1138
1 4680
1 2679
1 322
1 1968
1 9786
1 2760
1 6295
1 6423
1 8434
1 8885
1 6751
1 114
1 7652
1 9459
1 1390
1 7946
1 4473
1 6860
1 176
1 2158
1 8078
1 3475
1 2978
1 2518
1 6989
1 6505
1 7471
1 2288
1 7694
1 8469
1 9147
1 6778
1 194
1 7201
1 5851
1 1729
1 9444
1 8822
1 9460
1 9958
1 2876
1 4817
1 7303
1 6115
1 5519
1 9246
1 9854
1 2675
1 1380
1 2235
1 3370
1 8386
1 6434
1 8837
1 5602
1 8491
1 8206
1 8474
1 9910
1 1309
1 1573
1 276
1 3442
1 913
1 7120
1 8118
1 7337
1 7774
1 9282
1 5722
1 9797
1 8945
1 6849
1 9699
1 2291
1 6236
1 9187
1 2717
1 6403
1 6
1 8423
1 9976
1 9781
1 743
1 3401
1 8012
1 3016
1 5258
1 6097
1 7970
1 4019
1 7181
1 4953
1 542
1 9334
1 6549
1 455
1 5326
1 600
1 7809
1 3395
1 6536
1 5397
1 5305
1 6581
1 2870
1 6867
1 4211
1 5680
1 6959
1 9470
1 4959
1 717
1 2581
1 1328
1 8598
1 9352
1 5642
1 2865
1 7420
1 4146
1 4626
1 2708
1 530
1 1159
1 277
1 7785
1 2269
1 5992
1 8914
1 3046
1 5658
1 8334
1 4157
1 827
1 6701
1 4690
1 553
1 6820
1 6695
1 791
1 6625
1 5979
1 7102
1 9153
1 4887
1 1017
1 3081
1 2918
1 1987
1 5768
1 3187
1 2543
1 4927
1 3427
1 3019
1 1535
1 9385
1 6176
1 7710
1 6770
1 9170
1 697
1 3009
1 2285
1 9515
1 1815
1 8504
1 27
1 8310
1 5092
1 1359
1 3271
1 7596
1 5155
1 9331
1 3537
1 7679
1 3413
1 7634
1 3045
1 1363
1 5163
1 1665
1 3011
1 9151
1 3079
1 9777
1 7414
1 4522
1 7537
1 6058
1 3290
1 462
1 2138
1 1802
1 8757
1 2399
1 4749
1 8964
1 1607
1 1440
1 2756
1 3063
1 4910
1 5927
1 8275
1 2212
1 1329
1 8815
1 9952
1 5750
1 2388
1 6983
1 5317
1 5191
1 931
1 1476
1 3458
1 748
1 7665
1 3835
1 7839
1 9709
1 6390
1 8044
1 1792
1 4991
1 5318
1 1147
1 1169
1 1182
1 9115
1 3328
1 7961
1 2931
1 1905
1 4318
1 4890
1 6490
1 1265
1 1287
1 6298
1 6869
1 8416
1 1542
1 9698
1 4279
1 2410
1 102
1 609
1 8337
1 329
1 3986
1 5554
1 2049
1 6398
1 7803
1 8700
1 8290
1 6926
1 9123
1 2765
1 6432
1 3410
1 4124
1 8079
1 4242
1 8957
1 4511
1 3449
1 8902
1 2515
1 7959
1 5313
1 5800
1 4584
1 8362
1 9212
1 5425
1 4564
1 1437
1 1955
1 1753
1 7306
1 8115
1 4199
1 8147
1 3938
1 4990
1 4900
1 1142
1 4364
1 2791
1 7259
1 7835
1 966
1 9012
1 6611
1 7412
1 9746
1 261
1 7356
1 2809
1 7863
1 4971
1 191
1 7017
1 3277
1 7394
1 9462
1 5454
1 6844
1 5673
1 831
1 795
1 4480
1 7274
1 4761
1 920
1 6969
1 2646
1 7523
1 9089
1 5937
1 3722
1 2292
1 844
1 6925
1 3400
1 2545
1 7528
1 7208
1 7894
1 5595
1 2173
1 4170
1 5713
1 8077
1 3802
1 8448
1 9483
1 1707
1 8876
1 9165
1 722
1 649
1 927
1 1919
1 9274
1 9323
1 359
1 200
1 9758
1 7882
1 9414
1 7987
1 657
1 46
1 2304
1 6585
1 5158
1 6471
1 3023
1 1385
1 1618
1 7349
1 892
1 2435
1 4471
1 5776
1 690
1 9068
1 1793
1 3345
1 5
1 9270
1 579
1 7314
1 699
1 3349
1 1800
1 8209
1 8282
1 8775
1 7486
1 7787
1 4667
1 8216
1 3428
1 3917
1 8907
1 1865
1 1050
1 7378
1 6026
1 6804
1 6003
1 7821
1 1042
1 2701
1 7937
1 6131
1 9063
1 5414
1 4889
1 4628
1 1157
1 5936
1 1418
1 1489
1 7999
1 5592
1 7469
1 1439
1 8572
1 3813
1 2580
1 2275
1 5784
1 2088
1 7949
1 556
1 8883
1 1409
1 5394
1 3196
1 3423
1 2400
1 5700
1 602
1 8468
1 9718
1 7639
1 7818
1 8150
1 1892
1 8975
1 3951
1 7096
1 4916
1 366
1 6717
1 5675
1 1236
1 7082
1 5082
1 4167
1 9066
1 8134
1 2067
1 9632
1 2611
1 860
1 1180
1 1796
1 1492
1 7355
1 4007
1 5223
1 617
1 8436
1 1742
1 8364
1 3108
1 7468
1 8936
1 6663
1 6588
1 9071
1 9451
1 7997
1 949
1 8352
1 6718
1 8319
1 8864
1 4262
1 6533
1 705
1 9732
1 8666
1 7509
1 1463
1 8408
1 2031
1 5197
1 4623
1 1834
1 2875
1 1578
1 8237
1 2677
1 8838
1 1448
1 188
1 3149
1 6323
1 5961
1 6478
1 5417
1 5737
1 7526
1 255
1 7382
1 9057
1 4315
1 8717
1 4647
1 9798
1 7796
1 5550
1 8435
1 1861
1 1597
1 8320
1 4689
1 2883
1 2823
1 564
1 3973
1 3176
1 8042
1 304
1 6420
1 1058
1 1393
1 9092
1 951
1 9764
1 5299
1 5694
1 1657
1 3047
1 4304
1 3136
1 6737
1 9355
1 1019
1 8672
1 7158
1 2939
1 1061
1 4024
1 6258
1 3260
1 8483
1 39
1 6410
1 8983
1 7282
1 8073
1 4588
1 3584
1 7373
1 5493
1 1868
1 1399
1 3908
1 6502
1 6858
1 969
1 4679
1 7500
1 3372
1 907
1 8562
1 3302
1 7454
1 7958
1 4901
1 6500
1 1960
1 9369
1 5940
1 6797
1 2540
1 789
1 6583
1 42
1 1238
1 3513
1 2035
1 3717
1 2915
1 3293
1 968
1 8787
1 2631
1 6822
1 8863
1 864
1 5610
1 1130
1 5660
1 7664
1 9364
1 1646
1 19
1 9514
1 4812
1 8361
1 4536
1 4324
1 3522
1 370
1 2389
1 239
1 2046
1 2407
1 9737
1 6690
1 1934
1 1487
1 4235
1 1362
1 1672
1 5566
1 9930
1 5959
1 8257
1 1689
1 3618
1 2694
1 237
1 1219
1 3552
1 3476
1 1475
1 3723
1 5343
1 9928
1 2096
1 1508
1 292
1 2780
1 9644
1 2462
1 1642
1 1794
1 9407
1 8560
1 6545
1 1555
1 2295
1 1652
1 4352
1 4027
1 2937
1 1650
1 2971
1 1582
1 5981
1 6700
1 8550
1 5213
1 122
1 6369
1 9909
1 1012
1 1988
1 7281
1 8453
1 9763
1 7861
1 8032
1 4542
1 1289
1 1754
1 3378
1 5584
1 2418
1 7476
1 1700
1 1740
1 2519
1 8090
1 7131
1 1327
1 9871
1 1702
1 2886
1 6256
1 1118
1 4555
1 480
1 2064
1 6853
1 1884
1 1495
1 6354
1 8101
1 4331
1 6978
1 1355
1 8731
1 635
1 3550
1 1402
1 5869
1 8167
1 7910
1 1750
1 8738
1 5298
1 9562
1 3082
1 9580
1 8396
1 2103
1 1449
1 3035
1 5139
1 2779
1 7379
1 9528
1 764
1 7006
1 6749
1 1068
1 4685
1 3128
1 6645
1 8706
1 2734
1 9061
1 8755
1 3546
1 306
1 5289
1 879
1 6513
1 4311
1 1908
1 4946
1 9901
1 5891
1 7183
1 5128
1 1057
1 7222
1 6892
1 9343
1 3950
1 2953
1 3204
1 2627
1 4657
1 2843
1 8303
1 5176
1 3119
1 6034
1 9252
1 5620
1 4091
1 1018
1 7673
1 6999
1 8528
1 9430
1 8800
1 3250
1 8563
1 8588
1 5132
1 8579
1 1136
1 7885
1 7637
1 9633
1 7430
1 5069
1 7399
1 1954
1 1956
1 9624
1 6378
1 7812
1 8278
1 4337
1 7019
1 5460
1 9463
1 4098
1 6958
1 2585
1 5866
1 7479
1 4264
1 5975
1 3608
1 5778
1 6782
1 4582
1 2210
1 881
1 3474
1 8520
1 7333
1 3978
1 5195
1 6621
1 8301
1 4917
1 633
1 4229
1 4428
1 5281
1 2044
1 4904
1 5812
1 6997
1 2280
1 9936
1 9299
1 8431
1 267
1 2499
1 1807
1 5547
1 4149
1 4126
1 7772
1 3085
1 8801
1 9581
1 2589
1 6773
1 8967
1 9208
1 440
1 1609
1 1135
1 8972
1 9311
1 3317
1 843
1 5388
1 3664
1 263
1 6112
1 8390
1 6119
1 2153
1 5500
1 7065
1 7891
1 7417
1 416
1 9774
1 5157
1 3658
1 572
1 7618
1 1224
1 6966
1 7180
1 7573
1 4043
1 5273
1 9809
1 6850
1 1375
1 2054
1 954
1 5996
1 5206
1 8048
1 7384
1 1843
1 4370
1 4247
1 4047
1 4751
1 2714
1 9811
1 9254
1 6888
1 3017
1 2193
1 6209
1 2182
1 6947
1 4437
1 1880
1 6754
1 9532
1 4737
1 5615
1 4765
1 1474
1 4062
1 3569
1 3210
1 6316
1 6682
1 4797
1 7659
1 960
1 928
1 117
1 4089
1 2089
1 5619
1 6380
1 7860
1 8591
1 6817
1 2135
1 2497
1 5063
1 8460
1 5136
1 1586
1 1872
1 5638
1 621
1 593
1 2353
1 8871
1 729
1 597
1 9694
1 9564
1 7079
1 6085
1 6213
1 3100
1 7403
1 5345
1 8023
1 116
1 1435
1 785
1 320
1 1111
1 3547
1 7802
1 6107
1 4995
1 6609
1 5192
1 9393
1 1290
1 6366
1 5857
1 9879
1 4981
1 2083
1 8781
1 6186
1 4353
1 7447
1 5603
1 1722
1 5643
1 36
1 1561
1 2881
1 3836
1 3104
1 3650
1 3090
1 6584
1 873
1 1549
1 3333
1 546
1 421
1 5257
1 5088
1 8247
1 7035
1 745
1 4962
1 429
1 7147
1 9987
1 1635
1 3576
1 3131
1 5043
1 8318
1 3930
1 2535
1 6431
1 4362
1 6438
1 7039
1 2525
1 8252
1 1420
1 9107
1 6728
1 6907
1 5652
1 22
1 299
1 4964
1 1512
1 6643
1 1922
1 4063
1 7555
1 5820
1 8656
1 387
1 7579
1 290
1 4176
1 489
1 9306
1 3130
1 3099
1 1887
1 1613
1 7780
1 4688
1 3926
1 2659
1 1663
1 6705
1 2762
1 6272
1 9696
1 3022
1 5833
1 2954
1 7688
1 8114
1 4753
1 8919
1 510
1 7520
1 9708
1 5757
1 7713
1 4535
1 5488
1 9507
1 492
1 8003
1 1718
1 8258
1 1731
1 8571
1 8175
1 5046
1 5955
1 8941
1 1604
1 618
1 8798
1 7149
1 1875
1 8603
1 2342
1 7955
1 8671
1 7211
1 6320
1 2999
1 8803
1 7487
1 220
1 5791
1 2559
1 3014
1 8990
1 1992
1 3562
1 1814
1 870
1 126
1 2441
1 8946
1 4334
1 8777
1 7104
1 9682
1 9506
1 562
1 2367
1 7756
1 4113
1 3486
1 1187
1 1598
1 869
1 3224
1 6652
1 448
1 7101
1 451
1 4811
1 7653
1 2569
1 1694
1 7716
1 4002
1 8759
1 9242
1 3920
1 8351
1 2255
1 9458
1 7889
1 8977
1 759
1 526
1 8925
1 9199
1 7108
1 2265
1 6913
1 1231
1 251
1 8702
1 7279
1 6552
1 4469
1 5765
1 768
1 8950
1 5445
1 1191
1 68
1 1338
1 3902
1 3760
1 2544
1 6249
1 9537
1 511
1 2180
1 7565
1 1107
1 4736
1 5890
1 626
1 2188
1 779
1 1240
1 2901
1 2230
1 8443
1 3160
1 5102
1 1268
1 5861
1 2350
1 3686
1 3631
1 5016
1 9527
1 294
1 6597
1 4644
1 3367
1 7242
1 9010
1 4087
1 4531
1 2268
1 98
1 1499
1 3949
1 9105
1 8412
1 3810
1 3535
1 8649
1 4837
1 9845
1 10000
1 9481
1 234
1 1514
1 5035
1 4023
1 8532
1 701
1 4305
1 9948
1 2377
1 3708
1 5105
1 1737
1 3492
1 5041
1 9957
1 5203
1 7235
1 8779
1 1749
1 9350
1 6185
1 4183
1 6598
1 8741
1 5634
1 418
1 6497
1 5648
1 3365
1 9915
1 9959
1 1405
1 1174
1 7359
1 8642
1 5233
1 2232
1 6785
1 4055
1 1427
1 4371
1 6382
1 8410
1 3495
1 9429
1 6514
1 5374
1 142
1 3036
1 1119
1 5145
1 598
1 2801
1 4057
1 8772
1 774
1 7952
1 8406
1 544
1 867
1 8954
1 4249
1 6066
1 24
1 3622
1 3743
1 8877
1 3274
1 8980
1 6412
1 561
1 6491
1 5042
1 8299
1 3025
1 7391
1 5169
1 7512
1 4202
1 3453
1 5293
1 3620
1 3610
1 4630
1 7765
1 7607
1 5745
1 2490
1 5738
1 2532
1 5074
1 9217
1 1310
1 1033
1 5303
1 3103
1 6218
1 1132
1 552
1 8820
1 2758
1 4267
1 7261
1 1507
1 9183
1 3823
1 8718
1 7988
1 8608
1 6096
1 6637
1 2007
1 3735
1 1944
1 2857
1 204
1 1308
1 5130
1 7864
1 3209
1 5364
1 303
1 4520
1 769
1 2773
1 5330
1 7058
1 1410
1 9496
1 1376
1 5501
1 7043
1 5478
1 3303
1 1015
1 5829
1 7350
1 3864
1 7496
1 5818
1 8846
1 6445
1 6044
1 7245
1 1227
1 8817
1 4567
1 2477
1 9895
1 4496
1 6282
1 4474
1 2696
1 3018
1 3983
1 528
1 8484
1 2102
1 5585
1 5838
1 1158
1 7365
1 2196
1 4799
1 7474
1 6910
1 7456
1 9204
1 3053
1 4948
1 4934
1 1216
1 1500
1 7206
1 4593
1 94
1 112
1 6130
1 5601
1 670
1 9325
1 2913
1 2722
1 1207
1 75
1 8631
1 2797
1 7595
1 8618
1 8442
1 1945
1 1681
1 6743
1 1483
1 6375
1 8164
1 6803
1 6470
1 1891
1 1527
1 532
1 2069
1 8632
1 1255
1 7707
1 2147
1 8737
1 3056
1 8839
1 4303
1 7800
1 2596
1 185
1 6240
1 6758
1 6202
1 6314
1 8576
1 6576
1 5349
1 9404
1 7162
1 5572
1 9457
1 371
1 9093
1 1336
1 3206
1 9808
1 1696
1 4508
1 3826
1 2941
1 3231
1 6650
1 7918
1 852
1 9821
1 7195
1 4231
1 5022
1 9518
1 1680
1 5221
1 6720
1 8654
1 547
1 5066
1 4475
1 8367
1 9354
1 5015
1 9053
1 9167
1 7524
1 5516
1 9586
1 2315
1 7258
1 4266
1 6171
1 8959
1 6950
1 3499
1 8753
1 6430
1 5468
1 7484
1 4131
1 7267
1 6136
1 8197
1 713
1 4291
1 4885
1 6614
1 1223
1 4672
1 641
1 6082
1 4389
1 3148
1 87
1 2228
1 5504
1 2946
1 8212
1 1751
1 2565
1 5398
1 3578
1 6897
1 3961
1 1821
1 5877
1 4265
1 2037
1 357
1 3748
1 9802
1 6341
1 9814
1 5248
1 3448
1 687
1 236
1 6507
1 2164
1 3590
1 9062
1 1648
1 5943
1 4399
1 810
1 5177
1 5418
1 7223
1 5224
1 8704
1 5906
1 2201
1 8783
1 3141
1 8991
1 481
1 9015
1 8585
1 5816
1 2163
1 2558
1 1360
1 7576
1 922
1 9247
1 2636
1 8020
1 6776
1 8873
1 1676
1 4160
1 9932
1 189
1 1947
1 9118
1 3422
1 2529
1 4920
1 8590
1 7144
1 1171
1 1563
1 4808
1 2868
1 2896
1 2048
1 4497
1 3730
1 9844
1 909
1 3954
1 2479
1 8878
1 2195
1 1460
1 5664
1 3633
1 5284
1 2537
1 6660
1 7388
1 1907
1 4163
1 5202
1 3318
1 1819
1 1844
1 2074
1 1852
1 1254
1 6104
1 4121
1 2303
1 7689
1 9370
1 5535
1 5427
1 6524
1 4553
1 2776
1 9175
1 9517
1 9025
1 4592
1 9918
1 4270
1 9717
1 3465
1 9613
1 8307
1 3459
1 3688
1 1664
1 9345
1 7702
1 4989
1 4045
1 988
1 9636
1 9816
1 1678
1 1594
1 2045
1 4094
1 3621
1 1693
1 1926
1 7063
1 1032
1 6719
1 1450
1 9351
1 7873
1 9465
1 8861
1 4333
1 5044
1 4928
1 3284
1 2582
1 3525
1 3647
1 7535
1 3609
1 4251
1 9683
1 1484
1 4361
1 8376
1 9553
1 2257
1 6861
1 9161
1 2752
1 1640
1 7034
1 7213
1 531
1 2432
1 840
1 6825
1 9243
1 6334
1 6417
1 1416
1 4425
1 1996
1 7106
1 9662
1 5767
1 8402
1 467
1 6777
1 5999
1 4985
1 1211
1 740
1 4683
1 8701
1 7427
1 3882
1 140
1 9236
1 5679
1 4177
1 6469
1 6332
1 529
1 8162
1 3125
1 2622
1 3385
1 6882
1 7590
1 5382
1 4796
1 6731
1 5275
1 4422
1 914
1 4294
1 8183
1 3165
1 1825
1 7037
1 770
1 1765
1 7311
1 7153
1 6948
1 9421
1 8179
1 6219
1 7135
1 7913
1 1028
1 6479
1 6243
1 8677
1 5006
1 6224
1 3281
1 49
1 8792
1 6562
1 2841
1 3872
1 4622
1 7669
1 3833
1 8794
1 7788
1 6048
1 5626
1 4915
1 8148
1 6535
1 1263
1 5355
1 5314
1 9568
1 519
1 3292
1 7046
1 6531
1 7984
1 9722
1 9878
1 902
1 4037
1 8533
1 3158
1 9657
1 326
1 5127
1 3772
1 9548
1 2538
1 6738
1 8960
1 6510
1 7125
1 5801
1 9487
1 6734
1 4625
1 3397
1 755
1 6526
1 9383
1 84
1 8251
1 4609
1 1040
1 2674
1 9940
1 9110
1 9295
1 7630
1 4446
1 4408
1 4050
1 2534
1 5185
1 898
1 8971
1 7995
1 2977
1 4166
1 7925
1 3784
1 5252
1 7822
1 5152
1 2917
1 6990
1 3359
1 7191
1 3240
1 4543
1 5873
1 3467
1 6984
1 2528
1 16
1 7033
1 2467
1 8286
1 8254
1 6854
1 2644
1 5583
1 5285
1 5474
1 4156
1 3469
1 6921
1 5806
1 9040
1 1836
1 4713
1 4604
1 4032
1 2349
1 5944
1 1343
1 7931
1 4132
1 5576
1 765
1 5598
1 2763
1 9614
1 1112
1 327
1 6251
1 9303
1 8050
1 7013
1 2378
1 2536
1 8812
1 8080
1 1602
1 839
1 8889
1 3745
1 3812
1 5438
1 4312
1 4823
1 4601
1 7459
1 2576
1 2174
1 4078
1 7965
1 9261
1 708
1 4347
1 9861
1 974
1 996
1 5190
1 3389
1 9677
1 6795
1 4652
1 7928
1 1221
1 3694
1 8771
1 9513
1 4501
1 6856
1 8428
1 3844
1 9661
1 6755
1 5709
1 2759
1 1647
1 5604
1 11
1 5497
1 9894
1 8711
1 2171
1 7460
1 9277
1 6786
1 681
1 9490
1 3718
1 837
1 8928
1 9668
1 1933
1 3709
1 8835
1 6902
1 878
1 377
1 3952
1 8635
1 7715
1 4610
1 4854
1 99
1 458
1 257
1 9396
1 6191
1 8743
1 1725
1 6134
1 9963
1 7057
1 57
1 9035
1 3010
1 7276
1 7172
1 4746
1 4122
1 9790
1 3699
1 6796
1 6343
1 5893
1 8022
1 7233
1 1830
1 3006
1 8735
1 3248
1 6607
1 7830
1 8287
1 8014
1 201
1 6715
1 8680
1 3706
1 9491
1 3376
1 7683
1 1293
1 2013
1 1275
1 7360
1 7901
1 8962
1 2248
1 5804
1 7658
1 7302
1 6886
1 424
1 8182
1 2065
1 3072
1 1701
1 6855
1 876
1 6054
1 147
1 8723
1 4090
1 1001
1 5840
1 399
1 9356
1 7015
1 8457
1 14
1 9533
1 4238
1 2053
1 929
1 9386
1 9003
1 2005
1 3943
1 6350
1 1824
1 5346
1 5567
1 4375
1 4452
1 3984
1 6065
1 3478
1 8138
1 1997
1 8764
1 5754
1 5987
1 2650
1 6454
1 4793
1 6358
1 8145
1 2950
1 5780
1 9679
1 7155
1 6636
1 4720
1 4345
1 3273
1 5056
1 8294
1 3426
1 822
1 7878
1 1846
1 9419
1 7049
1 9775
1 1522
1 9675
1 8515
1 2123
1 3685
1 5762
1 2755
1 4691
1 7542
1 8645
1 4073
1 72
1 9549
1 3431
1 1257
1 9800
1 5019
1 6090
1 3756
1 2018
1 5291
1 998
1 7643
1 2652
1 4244
1 9494
1 8604
1 550
1 4350
1 5600
1 9197
1 3597
1 9142
1 9989
1 8377
1 4769
1 9912
1 3683
1 7435
1 8761
1 2718
1 3425
1 8756
1 3555
1 5420
1 34
1 5067
1 1479
1 4763
1 1523
1 2437
1 8140
1 2256
1 3974
1 6661
1 28
1 3805
1 1841
1 9850
1 4245
1 2151
1 9156
1 1205
1 3895
1 3935
1 7424
1 7793
1 5017
1 9172
1 6863
1 9395
1 5131
1 7645
1 8927
1 8981
1 3326
1 1453
1 3115
1 9145
1 8407
1 2000
1 4344
1 9495
1 6108
1 7318
1 7508
1 3286
1 2371
1 3412
1 6313
1 7224
1 616
1 734
1 2799
1 7009
1 3861
1 7482
1 287
1 1706
1 6376
1 4296
1 9818
1 2472
1 4099
1 6247
1 7927
1 2059
1 2562
1 7622
1 9853
1 4955
1 9447
1 4232
1 1587
1 2854
1 6228
1 4914
1 9603
1 3898
1 6631
1 3000
1 2966
1 7714
1 5845
1 957
1 1009
1 4578
1 9639
1 1592
1 5771
1 1415
1 516
1 8215
1 5918
1 2238
1 908
1 8911
1 9689
1 885
1 9114
1 3929
1 6709
1 5443
1 5773
1 1911
1 4196
1 4771
1 7740
1 2357
1 5967
1 9606
1 8031
1 2840
1 3850
1 1611
1 1576
1 9157
1 1797
1 2916
1 620
1 9609
1 7521
1 3466
1 6338
1 1116
1 7923
1 8133
1 3945
1 269
1 5115
1 3957
1 6499
1 3969
1 2406
1 5062
1 5093
1 664
1 3574
1 2750
1 470
1 1133
1 7814
1 7219
1 8401
1 3363
1 479
1 1431
1 4137
1 6268
1 4818
1 7214
1 619
1 443
1 6841
1 4635
1 3506
1 5827
1 5341
1 5790
1 7799
1 5119
1 9399
1 4579
1 3509
1 3681
1 8973
1 2366
1 7449
1 5009
1 7226
1 9920
1 392
1 588
1 671
1 1966
1 7592
1 5011
1 5565
1 5707
1 7587
1 6974
1 634
1 9054
1 7838
1 9710
1 1727
1 8389
1 5766
1 776
1 4107
1 1709
1 3435
1 4756
1 6981
1 8650
1 375
1 6521
1 7782
1 9865
1 7776
1 5794
1 8872
1 8249
1 4319
1 4524
1 7151
1 3636
1 9127
1 6016
1 9276
1 2343
1 4661
1 2439
1 8995
1 801
1 6120
1 5243
1 8117
1 9630
1 3
1 6284
1 3132
1 162
1 7008
1 4698
1 6784
1 1488
1 5875
1 4677
1 2024
1 7196
1 1855
1 4125
1 8648
1 181
1 73
1 8760
1 6135
1 1320
1 461
1 3611
1 1845
1 8970
1 890
1 305
1 7832
1 9868
1 3178
1 8465
1 999
1 3327
1 2426
1 2409
1 4059
1 7921
1 5785
1 9164
1 846
1 3217
1 3764
1 1644
1 4151
1 217
1 6539
1 4490
1 7757
1 4702
1 7996
1 9176
1 2509
1 1341
1 8526
1 6163
1 5060
1 298
1 8081
1 984
1 1656
1 5726
1 4429
1 6857
1 3807
1 4790
1 6439
1 3867
1 8207
1 3531
1 396
1 4112
1 5051
1 2198
1 2751
1 4909
1 8899
1 2804
1 4868
1 9727
1 6301
1 6740
1 538
1 947
1 2958
1 6014
1 8713
1 1013
1 4770
1 5229
1 8659
1 7154
1 5325
1 9735
1 5419
1 6188
1 9125
1 6239
1 5265
1 3672
1 9144
1 5898
1 3526
1 2933
1 6674
1 8750
1 1350
1 7948
1 4407
1 1348
1 6629
1 2136
1 8780
1 501
1 4486
1 2533
1 6619
1 8891
1 682
1 7690
1 225
1 5018
1 349
1 6415
1 3343
1 5993
1 5311
1 1883
1 2289
1 1235
1 8912
1 1344
1 2588
1 9971
1 206
1 7826
1 4729
1 2412
1 8543
1 3759
1 8763
1 9813
1 3794
1 2446
1 4716
1 4048
1 6889
1 1183
1 364
1 627
1 5507
1 9862
1 3602
1 8455
1 3066
1 3341
1 4097
1 5316
1 6834
1 5271
1 1623
1 2401
1 8433
1 4401
1 8137
1 1705
1 875
1 5306
1 586
1 8187
1 5451
1 8083
1 1977
1 4556
1 1554
1 8066
1 9720
1 9563
1 9872
1 3771
1 3924
1 31
1 1842
1 8549
1 3297
1 242
1 6967
1 4976
1 454
1 773
1 5450
1 4757
1 6985
1 9391
1 6877
1 3027
1 2403
1 8308
1 6812
1 5479
1 3777
1 9138
1 4505
1 2753
1 3870
1 6893
1 5485
1 861
1 6397
1 942
1 4476
1 8858
1 9833
1 3313
1 3269
1 9381
1 3226
1 2488
1 3135
1 352
1 6032
1 3947
1 8065
1 6956
1 2554
1 4903
1 979
1 548
1 8200
1 3193
1 520
1 6813
1 2040
1 9384
1 7831
1 1425
1 2981
1 1430
1 5935
1 2733
1 4911
1 3806
1 8768
1 8695
1 6735
1 3858
1 7050
1 5182
1 3965
1 7251
1 5262
1 3252
1 6556
1 4340
1 485
1 8696
1 4827
1 9449
1 4388
1 5731
1 1267
1 468
1 9651
1 8736
1 5655
1 4576
1 1162
1 1713
1 3325
1 6996
1 1335
1 5563
1 6084
1 7530
1 3374
1 5879
1 4863
1 3540
1 2113
1 4957
1 648
1 5459
1 5548
1 5246
1 4394
1 4590
1 6894
1 6177
1 6473
1 3847
1 524
1 8746
1 3963
1 7834
1 1447
1 9618
1 8785
1 3382
1 5810
1 7602
1 3890
1 9084
1 4154
1 8943
1 8669
1 4103
1 1250
1 3635
1 8276
1 8058
1 9420
1 8260
1 1108
1 5156
1 321
1 7748
1 6395
1 3644
1 5895
1 475
1 667
1 4307
1 3626
1 8602
1 2625
1 8561
1 8624
1 6214
1 5651
1 278
1 2145
1 97
1 3357
1 8539
1 1981
1 3725
1 5968
1 8019
1 5442
1 1173
1 4117
1 6260
1 7868
1 2239
1 8636
1 5021
1 4076
1 4697
1 8593
1 6091
1 543
1 6745
1 7055
1 4779
1 8075
1 8847
1 7924
1 9094
1 5116
1 824
1 5210
1 1311
1 863
1 8245
1 6416
1 3384
1 4872
1 3988
1 5462
1 3192
1 6587
1 2002
1 40
1 388
1 6798
1 9055
1 2359
1 5821
1 8505
1 5976
1 5855
1 362
1 1325
1 4274
1 9967
1 8178
1 9233
1 5288
1 4435
1 7938
1 5562
1 4283
1 2925
1 6064
1 8793
1 5743
1 4159
1 8467
1 5746
1 5688
1 3253
1 5663
1 6602
1 4767
1 2745
1 5749
1 4330
1 444
1 1123
1 2949
1 803
1 3881
1 5205
1 9019
1 2008
1 6788
1 9448
1 7712
1 4431
1 5039
1 9103
1 6098
1 7444
1 3615
1 1544
1 9751
1 6898
1 5186
1 6508
1 3746
1 5512
1 3860
1 3959
1 3124
1 3184
1 1433
1 3418
1 3180
1 3379
1 5624
1 8987
1 7998
1 6871
1 6087
1 7940
1 3605
1 3927
1 6150
1 4730
1 417
1 1426
1 4255
1 738
1 8373
1 3388
1 4591
1 2333
1 4313
1 1923
1 88
1 2786
1 1873
1 9766
1 4606
1 6876
1 7328
1 5219
1 8996
1 3408
1 3832
1 7936
1 9673
1 1101
1 9837
1 7585
1 8670
1 1761
1 962
1 453
1 8575
1 5793
1 8333
1 2506
1 6671
1 8157
1 2705
1 8030
1 6554
1 2984
1 5356
1 3903
1 6698
1 8259
1 8471
1 2087
1 6610
1 2449
1 7445
1 1125
1 3142
1 5129
1 8271
1 105
1 7493
1 3170
1 6293
1 6746
1 2078
1 7875
1 2273
1 5078
1 985
1 9729
1 3134
1 1624
1 1076
1 5159
1 9468
1 1730
1 8356
1 8809
1 6385
1 4599
1 6075
1 7699
1 3667
1 8682
1 1085
1 7296
1 1172
1 3282
1 3763
1 2826
1 6555
1 2293
1 9326
1 3143
1 7252
1 7227
1 9876
1 6884
1 9903
1 9498
1 926
1 6023
